{
	"camera_data":
	{
		"location_worldframe": [ 114.19529724121094, 234.26190185546875, 245 ],
		"quaternion_xyzw_worldframe": [ 0.28839999437332153, 0.18379999697208405, -0.83350002765655518, 0.43389999866485596 ]
	},
	"objects": [
		{
			"class": "SM_Sofa",
			"instance_id": 0,
			"visibility": 0.66329997777938843,
			"location": [ 57.721500396728516, -25.122699737548828, 357.54098510742188 ],
			"quaternion_xyzw": [ 0.18379999697208405, 0.83350002765655518, 0.28839999437332153, 0.43389999866485596 ],
			"pose_transform": [
				[ 0.82940000295639038, 0.321399986743927, -0.45699998736381531, 0 ],
				[ -0.555899977684021, 0.55669999122619629, -0.61729997396469116, 0 ],
				[ -0.056000001728534698, -0.76609998941421509, -0.64029997587203979, 0 ],
				[ 57.721500396728516, -25.122699737548828, 357.54098510742188, 1 ]
			],
			"cuboid_centroid": [ 57.721500396728516, -25.122699737548828, 357.54098510742188 ],
			"projected_cuboid_centroid": [ 1114.9827880859375, 472.54541015625 ],
			"bounding_box":
			{
				"top_left": [ 280.6990966796875, 772.43377685546875 ],
				"bottom_right": [ 779.0244140625, 1546.607177734375 ]
			},
			"cuboid": [
				[ 135.86259460449219, 14.843700408935547, 242.20730590820312 ],
				[ 191.4613037109375, -40.8302001953125, 303.948486328125 ],
				[ 195.81520080566406, 18.702699661254883, 353.71038818359375 ],
				[ 140.21650695800781, 74.376602172851562, 291.96920776367188 ],
				[ -80.372299194335938, -68.948097229003906, 361.3717041015625 ],
				[ -24.773599624633789, -124.62200164794922, 423.1129150390625 ],
				[ -20.419700622558594, -65.089103698730469, 472.87478637695312 ],
				[ -76.018402099609375, -9.4152002334594727, 411.13360595703125 ]
			],
			"projected_cuboid": [
				[ 1498.4984130859375, 598.83380126953125 ],
				[ 1564.7176513671875, 411.04071044921875 ],
				[ 1491.4593505859375, 590.76092529296875 ],
				[ 1421.0350341796875, 784.55181884765625 ],
				[ 746.48779296875, 356.83621215820312 ],
				[ 903.7916259765625, 257.24530029296875 ],
				[ 918.54559326171875, 407.86029052734375 ],
				[ 782.49700927734375, 518.015380859375 ]
			]
		},
		{
			"class": "SM_Armchair",
			"instance_id": 0,
			"visibility": 0.71719998121261597,
			"location": [ -191.90570068359375, -23.005300521850586, 364.05889892578125 ],
			"quaternion_xyzw": [ 0.34070000052452087, 0.1632000058889389, 0.029799999669194221, 0.9254000186920166 ],
			"pose_transform": [
				[ 0.32229998707771301, -0.62089997529983521, 0.71460002660751343, 0 ],
				[ 0.94499999284744263, 0.1664000004529953, -0.28169998526573181, 0 ],
				[ -0.056000001728534698, -0.76609998941421509, -0.64029997587203979, 0 ],
				[ -191.90570068359375, -23.005300521850586, 364.05889892578125, 1 ]
			],
			"cuboid_centroid": [ -191.90570068359375, -23.005300521850586, 364.05889892578125 ],
			"projected_cuboid_centroid": [ 453.95748901367188, 479.3363037109375 ],
			"bounding_box":
			{
				"top_left": [ 337.06588745117188, 245.63279724121094 ],
				"bottom_right": [ 635.14288330078125, 625.85357666015625 ]
			},
			"cuboid": [
				[ -140.43099975585938, -70.053298950195312, 352.79098510742188 ],
				[ -223.56939697265625, -84.688796997070312, 377.5745849609375 ],
				[ -219.04559326171875, -22.83329963684082, 429.27789306640625 ],
				[ -135.90719604492188, -8.1976995468139648, 404.49429321289062 ],
				[ -164.76570129394531, -23.177400588989258, 298.83990478515625 ],
				[ -247.90420532226562, -37.812900543212891, 323.62350463867188 ],
				[ -243.38040161132812, 24.042600631713867, 375.32681274414062 ],
				[ -160.24189758300781, 38.6781005859375, 350.543212890625 ]
			],
			"projected_cuboid": [
				[ 577.8656005859375, 349.3739013671875 ],
				[ 391.56549072265625, 324.6748046875 ],
				[ 470.14569091796875, 488.9375 ],
				[ 637.44732666015625, 520.54400634765625 ],
				[ 430.70330810546875, 465.5443115234375 ],
				[ 224.61520385742188, 427.83120727539062 ],
				[ 337.48919677734375, 601.49530029296875 ],
				[ 521.16070556640625, 645.9241943359375 ]
			]
		},
		{
			"class": "SM_Coffe_Table_2",
			"instance_id": 0,
			"visibility": 0.81440001726150513,
			"location": [ 44.210300445556641, 38.818199157714844, 297.8817138671875 ],
			"quaternion_xyzw": [ 0.18379999697208405, 0.83350002765655518, 0.28839999437332153, 0.43389999866485596 ],
			"pose_transform": [
				[ 0.82940000295639038, 0.321399986743927, -0.45699998736381531, 0 ],
				[ -0.555899977684021, 0.55669999122619629, -0.61729997396469116, 0 ],
				[ -0.056000001728534698, -0.76609998941421509, -0.64029997587203979, 0 ],
				[ 44.210300445556641, 38.818199157714844, 297.8817138671875, 1 ]
			],
			"cuboid_centroid": [ 44.210300445556641, 38.818199157714844, 297.8817138671875 ],
			"projected_cuboid_centroid": [ 1102.479248046875, 665.1016845703125 ],
			"bounding_box":
			{
				"top_left": [ 552.00689697265625, 1001.1655883789062 ],
				"bottom_right": [ 780.5784912109375, 1213.268798828125 ]
			},
			"cuboid": [
				[ 50.995098114013672, 49.163799285888672, 254.44009399414062 ],
				[ 83.020896911621094, 17.094600677490234, 290.00421142578125 ],
				[ 85.207199096679688, 46.988201141357422, 314.99139404296875 ],
				[ 53.181301116943359, 79.057403564453125, 279.42730712890625 ],
				[ 3.2133998870849609, 30.648199081420898, 280.77200317382812 ],
				[ 35.239200592041016, -1.4210000038146973, 316.33609008789062 ],
				[ 37.425498962402344, 28.472600936889648, 341.32330322265625 ],
				[ 5.3996000289916992, 60.541801452636719, 305.75918579101562 ]
			],
			"projected_cuboid": [
				[ 1152.4041748046875, 725.49462890625 ],
				[ 1234.82421875, 596.58831787109375 ],
				[ 1219.6866455078125, 683.20611572265625 ],
				[ 1142.7099609375, 811.609619140625 ],
				[ 970.9871826171875, 644.79071044921875 ],
				[ 1066.942626953125, 535.68780517578125 ],
				[ 1065.2628173828125, 620.08172607421875 ],
				[ 976.95361328125, 730.08477783203125 ]
			]
		},
		{
			"class": "SM_Opened_Book",
			"instance_id": 0,
			"visibility": 0.9595000147819519,
			"location": [ -83.925697326660156, 89.950302124023438, 346.19320678710938 ],
			"quaternion_xyzw": [ 0.77109998464584351, 0.08020000159740448, -0.21160000562667847, 0.59509998559951782 ],
			"pose_transform": [
				[ -0.23080000281333923, -0.95179998874664307, -0.2020999938249588, 0 ],
				[ 0.89759999513626099, -0.12809999287128448, -0.42179998755455017, 0 ],
				[ -0.37560001015663147, 0.27880001068115234, -0.883899986743927, 0 ],
				[ -83.925697326660156, 89.950302124023438, 346.19320678710938, 1 ]
			],
			"cuboid_centroid": [ -83.925697326660156, 89.950302124023438, 346.19320678710938 ],
			"projected_cuboid_centroid": [ 727.27301025390625, 789.43389892578125 ],
			"bounding_box":
			{
				"top_left": [ 735.33160400390625, 685.1865234375 ],
				"bottom_right": [ 834.45489501953125, 773.24072265625 ]
			},
			"cuboid": [
				[ -78.634498596191406, 70.665298461914062, 334.93319702148438 ],
				[ -100.12220001220703, 73.732498168945312, 345.03140258789062 ],
				[ -98.1781005859375, 72.289299011230469, 349.60659790039062 ],
				[ -76.690399169921875, 69.222099304199219, 339.50839233398438 ],
				[ -69.673202514648438, 107.61139678955078, 342.77978515625 ],
				[ -91.161003112792969, 110.67859649658203, 352.87799072265625 ],
				[ -89.216903686523438, 109.23539733886719, 357.45318603515625 ],
				[ -67.729103088378906, 106.16819763183594, 347.35501098632812 ]
			],
			"projected_cuboid": [
				[ 734.61492919921875, 742.54388427734375 ],
				[ 681.4248046875, 745.1500244140625 ],
				[ 690.4088134765625, 738.5023193359375 ],
				[ 743.1492919921875, 735.73370361328125 ],
				[ 764.87139892578125, 841.37982177734375 ],
				[ 711.99810791015625, 841.099609375 ],
				[ 720.39361572265625, 833.36962890625 ],
				[ 772.81451416015625, 833.4215087890625 ]
			]
		},
		{
			"class": "SM_Cup",
			"instance_id": 0,
			"visibility": 0,
			"location": [ 6.5569000244140625, 26.265300750732422, 382.90850830078125 ],
			"quaternion_xyzw": [ -0.76150000095367432, 0.024599999189376831, 0.59340000152587891, -0.25970000028610229 ],
			"pose_transform": [
				[ -0.91649997234344482, -0.36629998683929443, -0.16079999506473541, 0 ],
				[ 0.29449999332427979, -0.34560000896453857, -0.89099997282028198, 0 ],
				[ -0.27079999446868896, 0.86400002241134644, -0.42460000514984131, 0 ],
				[ 6.5569000244140625, 26.265300750732422, 382.90850830078125, 1 ]
			],
			"cuboid_centroid": [ 6.5569000244140625, 26.265300750732422, 382.90850830078125 ],
			"projected_cuboid_centroid": [ 976.4395751953125, 605.85040283203125 ],
			"bounding_box":
			{
				"top_left": [ 589.32659912109375, 956.2196044921875 ],
				"bottom_right": [ 619.7637939453125, 998.5955810546875 ]
			},
			"cuboid": [
				[ 0.84140002727508545, 23.347700119018555, 373.34689331054688 ],
				[ -3.7783999443054199, 28.769599914550781, 387.32598876953125 ],
				[ -2.1068000793457031, 23.436100006103516, 389.94699096679688 ],
				[ 2.5130000114440918, 18.014200210571289, 375.9678955078125 ],
				[ 15.220700263977051, 29.094400405883789, 375.8699951171875 ],
				[ 10.600799560546875, 34.516300201416016, 389.84909057617188 ],
				[ 12.272500038146973, 29.182899475097656, 392.47021484375 ],
				[ 16.892299652099609, 23.76099967956543, 378.4910888671875 ]
			],
			"projected_cuboid": [
				[ 962.163818359375, 600.03472900390625 ],
				[ 950.6353759765625, 611.3062744140625 ],
				[ 954.8135986328125, 597.69671630859375 ],
				[ 966.41717529296875, 585.9976806640625 ],
				[ 998.875, 614.30938720703125 ],
				[ 986.10479736328125, 624.9962158203125 ],
				[ 990.0194091796875, 611.3826904296875 ],
				[ 1002.8458251953125, 600.26708984375 ]
			]
		},
		{
			"class": "SM_Coffe_Table_2",
			"instance_id": 0,
			"visibility": 0.41490000486373901,
			"location": [ -148.23750305175781, 26.496599197387695, 302.44891357421875 ],
			"quaternion_xyzw": [ 0.18379999697208405, 0.83350002765655518, 0.28839999437332153, 0.43389999866485596 ],
			"pose_transform": [
				[ 0.82940000295639038, 0.321399986743927, -0.45699998736381531, 0 ],
				[ -0.555899977684021, 0.55669999122619629, -0.61729997396469116, 0 ],
				[ -0.056000001728534698, -0.76609998941421509, -0.64029997587203979, 0 ],
				[ -148.23750305175781, 26.496599197387695, 302.44891357421875, 1 ]
			],
			"cuboid_centroid": [ -148.23750305175781, 26.496599197387695, 302.44891357421875 ],
			"projected_cuboid_centroid": [ 489.48129272460938, 624.102294921875 ],
			"bounding_box":
			{
				"top_left": [ 514.06512451171875, 353.49148559570312 ],
				"bottom_right": [ 736.4197998046875, 602.29949951171875 ]
			},
			"cuboid": [
				[ -141.45269775390625, 36.842098236083984, 259.00729370117188 ],
				[ -109.42680358886719, 4.7729001045227051, 294.5714111328125 ],
				[ -107.2406005859375, 34.666599273681641, 319.55859375 ],
				[ -139.26640319824219, 66.735801696777344, 283.9945068359375 ],
				[ -189.23440551757812, 18.32659912109375, 285.33920288085938 ],
				[ -157.20849609375, -13.742600440979004, 320.90328979492188 ],
				[ -155.02229309082031, 16.150999069213867, 345.8905029296875 ],
				[ -187.048095703125, 48.220199584960938, 310.32638549804688 ]
			],
			"projected_cuboid": [
				[ 435.71170043945312, 676.55377197265625 ],
				[ 603.38140869140625, 555.5548095703125 ],
				[ 637.83428955078125, 644.143310546875 ],
				[ 489.23150634765625, 765.58990478515625 ],
				[ 323.33709716796875, 601.65802001953125 ],
				[ 489.702392578125, 498.88809204101562 ],
				[ 529.74468994140625, 584.82611083984375 ],
				[ 381.36380004882812, 689.1697998046875 ]
			]
		},
		{
			"class": "SM_Armchair",
			"instance_id": 0,
			"visibility": 0.68919998407363892,
			"location": [ -131.14019775390625, 67.018501281738281, 252.05149841308594 ],
			"quaternion_xyzw": [ 0.18379999697208405, 0.83350002765655518, 0.28839999437332153, 0.43389999866485596 ],
			"pose_transform": [
				[ 0.82940000295639038, 0.321399986743927, -0.45699998736381531, 0 ],
				[ -0.555899977684021, 0.55669999122619629, -0.61729997396469116, 0 ],
				[ -0.056000001728534698, -0.76609998941421509, -0.64029997587203979, 0 ],
				[ -131.14019775390625, 67.018501281738281, 252.05149841308594, 1 ]
			],
			"cuboid_centroid": [ -131.14019775390625, 67.018501281738281, 252.05149841308594 ],
			"projected_cuboid_centroid": [ 460.52081298828125, 795.25628662109375 ],
			"bounding_box":
			{
				"top_left": [ 562.18377685546875, 204.28919982910156 ],
				"bottom_right": [ 1071.9364013671875, 704.59100341796875 ]
			},
			"cuboid": [
				[ -126.54840087890625, 72.710197448730469, 181.79029846191406 ],
				[ -77.639701843261719, 23.735300064086914, 236.10249328613281 ],
				[ -73.115898132324219, 85.590797424316406, 287.80569458007812 ],
				[ -122.02459716796875, 134.56570434570312, 233.49360656738281 ],
				[ -189.16450500488281, 48.446201324462891, 216.29730224609375 ],
				[ -140.25579833984375, -0.52869999408721924, 270.6094970703125 ],
				[ -135.73199462890625, 61.326801300048828, 322.31280517578125 ],
				[ -184.64079284667969, 110.30169677734375, 268.0006103515625 ]
			],
			"projected_cuboid": [
				[ 291.722412109375, 923.9683837890625 ],
				[ 644.31500244140625, 636.50830078125 ],
				[ 716.1162109375, 825.4951171875 ],
				[ 458.30068969726562, 1093.2615966796875 ],
				[ 120.42489624023438, 755.02020263671875 ],
				[ 462.43630981445312, 538.12420654296875 ],
				[ 555.7261962890625, 722.66021728515625 ],
				[ 298.60220336914062, 935.109619140625 ]
			]
		}
	]
}