{
	"camera_data":
	{
		"location_worldframe": [ 114.19529724121094, 234.26190185546875, 245 ],
		"quaternion_xyzw_worldframe": [ 0.28839999437332153, 0.18379999697208405, -0.83350002765655518, 0.43389999866485596 ]
	},
	"objects": [
		{
			"class": "SM_Sofa",
			"instance_id": 0,
			"visibility": 0.65310001373291016,
			"location": [ 57.721500396728516, -25.122699737548828, 357.54098510742188 ],
			"quaternion_xyzw": [ 0.18379999697208405, 0.83350002765655518, 0.28839999437332153, 0.43389999866485596 ],
			"pose_transform": [
				[ 0.82940000295639038, 0.321399986743927, -0.45699998736381531, 0 ],
				[ -0.555899977684021, 0.55669999122619629, -0.61729997396469116, 0 ],
				[ -0.056000001728534698, -0.76609998941421509, -0.64029997587203979, 0 ],
				[ 57.721500396728516, -25.122699737548828, 357.54098510742188, 1 ]
			],
			"cuboid_centroid": [ 57.721500396728516, -25.122699737548828, 357.54098510742188 ],
			"projected_cuboid_centroid": [ 1114.9827880859375, 472.54541015625 ],
			"bounding_box":
			{
				"top_left": [ 280.6990966796875, 772.43377685546875 ],
				"bottom_right": [ 779.0244140625, 1546.607177734375 ]
			},
			"cuboid": [
				[ 135.86259460449219, 14.843700408935547, 242.20730590820312 ],
				[ 191.4613037109375, -40.8302001953125, 303.948486328125 ],
				[ 195.81520080566406, 18.702699661254883, 353.71038818359375 ],
				[ 140.21650695800781, 74.376602172851562, 291.96920776367188 ],
				[ -80.372299194335938, -68.948097229003906, 361.3717041015625 ],
				[ -24.773599624633789, -124.62200164794922, 423.1129150390625 ],
				[ -20.419700622558594, -65.089103698730469, 472.87478637695312 ],
				[ -76.018402099609375, -9.4152002334594727, 411.13360595703125 ]
			],
			"projected_cuboid": [
				[ 1498.4984130859375, 598.83380126953125 ],
				[ 1564.7176513671875, 411.04071044921875 ],
				[ 1491.4593505859375, 590.76092529296875 ],
				[ 1421.0350341796875, 784.55181884765625 ],
				[ 746.48779296875, 356.83621215820312 ],
				[ 903.7916259765625, 257.24530029296875 ],
				[ 918.54559326171875, 407.86029052734375 ],
				[ 782.49700927734375, 518.015380859375 ]
			]
		},
		{
			"class": "SM_Armchair",
			"instance_id": 0,
			"visibility": 0.96939998865127563,
			"location": [ -191.55960083007812, -15.662699699401855, 356.02859497070312 ],
			"quaternion_xyzw": [ 0.34070000052452087, 0.1632000058889389, 0.029799999669194221, 0.9254000186920166 ],
			"pose_transform": [
				[ 0.32229998707771301, -0.62089997529983521, 0.71460002660751343, 0 ],
				[ 0.94499999284744263, 0.1664000004529953, -0.28169998526573181, 0 ],
				[ -0.056000001728534698, -0.76609998941421509, -0.64029997587203979, 0 ],
				[ -191.55960083007812, -15.662699699401855, 356.02859497070312, 1 ]
			],
			"cuboid_centroid": [ -191.55960083007812, -15.662699699401855, 356.02859497070312 ],
			"projected_cuboid_centroid": [ 443.47671508789062, 497.76690673828125 ],
			"bounding_box":
			{
				"top_left": [ 352.08230590820312, 228.7716064453125 ],
				"bottom_right": [ 657.76568603515625, 619.88421630859375 ]
			},
			"cuboid": [
				[ -140.08500671386719, -62.710601806640625, 344.76080322265625 ],
				[ -223.22340393066406, -77.346099853515625, 369.54440307617188 ],
				[ -218.69960021972656, -15.490599632263184, 421.24758911132812 ],
				[ -135.56120300292969, -0.85500001907348633, 396.464111328125 ],
				[ -164.41969299316406, -15.834699630737305, 290.8096923828125 ],
				[ -247.55819702148438, -30.470300674438477, 315.59329223632812 ],
				[ -243.03439331054688, 31.385299682617188, 367.2965087890625 ],
				[ -159.89590454101562, 46.020801544189453, 342.51300048828125 ]
			],
			"projected_cuboid": [
				[ 569.92822265625, 365.37979125976562 ],
				[ 380.11209106445312, 339.07049560546875 ],
				[ 461.59619140625, 504.69769287109375 ],
				[ 631.75189208984375, 537.92950439453125 ],
				[ 417.22988891601562, 487.72750854492188 ],
				[ 206.95579528808594, 447.31271362304688 ],
				[ 324.78350830078125, 622.03131103515625 ],
				[ 511.84188842773438, 668.9876708984375 ]
			]
		},
		{
			"class": "SM_Coffe_Table_2",
			"instance_id": 0,
			"visibility": 0.53609997034072876,
			"location": [ -13.967399597167969, 19.017200469970703, 325.72378540039062 ],
			"quaternion_xyzw": [ 0.18379999697208405, 0.83350002765655518, 0.28839999437332153, 0.43389999866485596 ],
			"pose_transform": [
				[ 0.82940000295639038, 0.321399986743927, -0.45699998736381531, 0 ],
				[ -0.555899977684021, 0.55669999122619629, -0.61729997396469116, 0 ],
				[ -0.056000001728534698, -0.76609998941421509, -0.64029997587203979, 0 ],
				[ -13.967399597167969, 19.017200469970703, 325.72378540039062, 1 ]
			],
			"cuboid_centroid": [ -13.967399597167969, 19.017200469970703, 325.72378540039062 ],
			"projected_cuboid_centroid": [ 918.83441162109375, 596.049072265625 ],
			"bounding_box":
			{
				"top_left": [ 494.52029418945312, 822.4876708984375 ],
				"bottom_right": [ 699.2340087890625, 1010.9849853515625 ]
			},
			"cuboid": [
				[ -7.1827001571655273, 29.362800598144531, 282.28219604492188 ],
				[ 24.84320068359375, -2.7063999176025391, 317.8463134765625 ],
				[ 27.029499053955078, 27.187200546264648, 342.83349609375 ],
				[ -4.9963998794555664, 59.256401062011719, 307.2694091796875 ],
				[ -54.964298248291016, 10.847200393676758, 308.61410522460938 ],
				[ -22.938499450683594, -21.222000122070312, 344.17819213867188 ],
				[ -20.752199172973633, 8.671600341796875, 369.1654052734375 ],
				[ -52.778099060058594, 40.740798950195312, 333.60140991210938 ]
			],
			"projected_cuboid": [
				[ 935.57318115234375, 639.85858154296875 ],
				[ 1035.0350341796875, 531.825927734375 ],
				[ 1035.68798828125, 616.1295166015625 ],
				[ 944.39019775390625, 725.134521484375 ],
				[ 789.02392578125, 573.7421875 ],
				[ 896.01922607421875, 480.80648803710938 ],
				[ 906.03497314453125, 562.5501708984375 ],
				[ 808.12158203125, 657.23931884765625 ]
			]
		},
		{
			"class": "SM_Opened_Book",
			"instance_id": 0,
			"visibility": 0.68180000782012939,
			"location": [ -19.988000869750977, 24.067399978637695, 256.79928588867188 ],
			"quaternion_xyzw": [ -0.025699999183416367, 0.91769999265670776, -0.24650000035762787, -0.31049999594688416 ],
			"pose_transform": [
				[ -0.55729997158050537, -0.46840000152587891, -0.68559998273849487, 0 ],
				[ -0.80580002069473267, 0.10599999874830246, 0.58259999752044678, 0 ],
				[ 0.20020000636577606, -0.87709999084472656, 0.43650001287460327, 0 ],
				[ -19.988000869750977, 24.067399978637695, 256.79928588867188, 1 ]
			],
			"cuboid_centroid": [ -19.988000869750977, 24.067399978637695, 256.79928588867188 ],
			"projected_cuboid_centroid": [ 885.27880859375, 629.97198486328125 ],
			"bounding_box":
			{
				"top_left": [ 594.01361083984375, 801.56109619140625 ],
				"bottom_right": [ 668.11370849609375, 960.7080078125 ]
			},
			"cuboid": [
				[ -39.932201385498047, 13.975399971008301, 251.59599304199219 ],
				[ -20.641399383544922, 11.437199592590332, 237.64869689941406 ],
				[ -21.677600860595703, 15.97760009765625, 235.38909912109375 ],
				[ -40.968498229980469, 18.515800476074219, 249.33639526367188 ],
				[ -18.298299789428711, 32.157299041748047, 278.20950317382812 ],
				[ 0.99250000715255737, 29.619100570678711, 264.26220703125 ],
				[ -0.043699998408555984, 34.159500122070312, 262.00259399414062 ],
				[ -19.334600448608398, 36.697700500488281, 275.94989013671875 ]
			],
			"projected_cuboid": [
				[ 807.6334228515625, 593.3251953125 ],
				[ 876.61798095703125, 586.20159912109375 ],
				[ 871.59136962890625, 605.16241455078125 ],
				[ 802.2628173828125, 611.2899169921875 ],
				[ 896.859619140625, 650.9630126953125 ],
				[ 963.60601806640625, 647.598876953125 ],
				[ 959.8402099609375, 665.1632080078125 ],
				[ 892.73760986328125, 667.6671142578125 ]
			]
		},
		{
			"class": "SM_Cup",
			"instance_id": 0,
			"visibility": 0.46480000019073486,
			"location": [ -39.882900238037109, 103.68789672851562, 324.32550048828125 ],
			"quaternion_xyzw": [ -0.045099999755620956, 0.18420000374317169, 0.6403999924659729, 0.74419999122619629 ],
			"pose_transform": [
				[ 0.21639999747276306, 0.30300000309944153, 0.92809998989105225, 0 ],
				[ 0.11180000007152557, 0.93669998645782471, -0.33190000057220459, 0 ],
				[ 0.96990001201629639, -0.17560000717639923, -0.1687999963760376, 0 ],
				[ -39.882900238037109, 103.68789672851562, 324.32550048828125, 1 ]
			],
			"cuboid_centroid": [ -39.882900238037109, 103.68789672851562, 324.32550048828125 ],
			"projected_cuboid_centroid": [ 841.9473876953125, 846.91497802734375 ],
			"bounding_box":
			{
				"top_left": [ 822.5491943359375, 825.19329833984375 ],
				"bottom_right": [ 872.5303955078125, 855.67559814453125 ]
			},
			"cuboid": [
				[ -34.314800262451172, 112.87100219726562, 328.48129272460938 ],
				[ -36.069099426269531, 98.175399780273438, 333.68890380859375 ],
				[ -42.056598663330078, 99.2593994140625, 334.730712890625 ],
				[ -40.302200317382812, 113.95500183105469, 329.523193359375 ],
				[ -37.709201812744141, 108.11640167236328, 313.92019653320312 ],
				[ -39.463600158691406, 93.420799255371094, 319.1278076171875 ],
				[ -45.451099395751953, 94.504798889160156, 320.16958618164062 ],
				[ -43.696701049804688, 109.20030212402344, 314.96209716796875 ]
			],
			"projected_cuboid": [
				[ 859.71417236328125, 869.8699951171875 ],
				[ 856.2318115234375, 822.444091796875 ],
				[ 839.38299560546875, 824.6737060546875 ],
				[ 842.5880126953125, 871.9849853515625 ],
				[ 844.68157958984375, 870.63079833984375 ],
				[ 841.2860107421875, 821.02838134765625 ],
				[ 823.71942138671875, 823.36407470703125 ],
				[ 826.81341552734375, 872.8411865234375 ]
			]
		},
		{
			"class": "SM_Coffe_Table_2",
			"instance_id": 0,
			"visibility": 0.30849999189376831,
			"location": [ -42.714900970458984, 29.667999267578125, 289.394287109375 ],
			"quaternion_xyzw": [ 0.18379999697208405, 0.83350002765655518, 0.28839999437332153, 0.43389999866485596 ],
			"pose_transform": [
				[ 0.82940000295639038, 0.321399986743927, -0.45699998736381531, 0 ],
				[ -0.555899977684021, 0.55669999122619629, -0.61729997396469116, 0 ],
				[ -0.056000001728534698, -0.76609998941421509, -0.64029997587203979, 0 ],
				[ -42.714900970458984, 29.667999267578125, 289.394287109375, 1 ]
			],
			"cuboid_centroid": [ -42.714900970458984, 29.667999267578125, 289.394287109375 ],
			"projected_cuboid_centroid": [ 818.30340576171875, 638.4168701171875 ],
			"bounding_box":
			{
				"top_left": [ 523.0806884765625, 706.59539794921875 ],
				"bottom_right": [ 756.47271728515625, 923.16717529296875 ]
			},
			"cuboid": [
				[ -35.930099487304688, 40.013599395751953, 245.95269775390625 ],
				[ -3.9042000770568848, 7.9443998336791992, 281.51681518554688 ],
				[ -1.718000054359436, 37.838001251220703, 306.50399780273438 ],
				[ -33.743801116943359, 69.907203674316406, 270.93991088867188 ],
				[ -83.711799621582031, 21.49799919128418, 272.28460693359375 ],
				[ -51.685901641845703, -10.571200370788574, 307.84869384765625 ],
				[ -49.499698638916016, 19.322399139404297, 332.83590698242188 ],
				[ -81.525497436523438, 51.3916015625, 297.27191162109375 ]
			],
			"projected_cuboid": [
				[ 819.7584228515625, 696.18072509765625 ],
				[ 946.68658447265625, 567.0911865234375 ],
				[ 954.61962890625, 658.5123291015625 ],
				[ 840.4385986328125, 787.69671630859375 ],
				[ 664.85589599609375, 615.7960205078125 ],
				[ 798.82220458984375, 507.03460693359375 ],
				[ 817.228271484375, 595.731689453125 ],
				[ 696.7244873046875, 705.96240234375 ]
			]
		},
		{
			"class": "SM_Armchair",
			"instance_id": 0,
			"visibility": 0.88309997320175171,
			"location": [ -73.604896545410156, 65.738197326660156, 248.05799865722656 ],
			"quaternion_xyzw": [ 0.18379999697208405, 0.83350002765655518, 0.28839999437332153, 0.43389999866485596 ],
			"pose_transform": [
				[ 0.82940000295639038, 0.321399986743927, -0.45699998736381531, 0 ],
				[ -0.555899977684021, 0.55669999122619629, -0.61729997396469116, 0 ],
				[ -0.056000001728534698, -0.76609998941421509, -0.64029997587203979, 0 ],
				[ -73.604896545410156, 65.738197326660156, 248.05799865722656, 1 ]
			],
			"cuboid_centroid": [ -73.604896545410156, 65.738197326660156, 248.05799865722656 ],
			"projected_cuboid_centroid": [ 675.1448974609375, 794.41070556640625 ],
			"bounding_box":
			{
				"top_left": [ 557.92718505859375, 431.44509887695312 ],
				"bottom_right": [ 1075.789794921875, 895.97161865234375 ]
			},
			"cuboid": [
				[ -69.013099670410156, 71.429801940917969, 177.79679870605469 ],
				[ -20.104400634765625, 22.454900741577148, 232.10899353027344 ],
				[ -15.580599784851074, 84.310501098632812, 283.81219482421875 ],
				[ -64.489303588867188, 133.285400390625, 229.5 ],
				[ -131.62919616699219, 47.165901184082031, 212.30380249023438 ],
				[ -82.720497131347656, -1.8091000318527222, 266.61590576171875 ],
				[ -78.196701049804688, 60.046501159667969, 318.3192138671875 ],
				[ -127.10540008544922, 109.02140045166016, 264.00698852539062 ]
			],
			"projected_cuboid": [
				[ 587.36968994140625, 925.6798095703125 ],
				[ 876.8489990234375, 632.873291015625 ],
				[ 907.298828125, 825.18157958984375 ],
				[ 690.2412109375, 1097.533447265625 ],
				[ 364.79660034179688, 753.2755126953125 ],
				[ 662.15008544921875, 533.486083984375 ],
				[ 724.17169189453125, 721.09051513671875 ],
				[ 497.81130981445312, 936.4307861328125 ]
			]
		}
	]
}