{
	"camera_data":
	{
		"location_worldframe": [ 114.19529724121094, 234.26190185546875, 245 ],
		"quaternion_xyzw_worldframe": [ 0.28839999437332153, 0.18379999697208405, -0.83350002765655518, 0.43389999866485596 ]
	},
	"objects": [
		{
			"class": "SM_Sofa",
			"instance_id": 0,
			"visibility": 0.62239998579025269,
			"location": [ 57.721500396728516, -25.122699737548828, 357.54098510742188 ],
			"quaternion_xyzw": [ 0.18379999697208405, 0.83350002765655518, 0.28839999437332153, 0.43389999866485596 ],
			"pose_transform": [
				[ 0.82940000295639038, 0.321399986743927, -0.45699998736381531, 0 ],
				[ -0.555899977684021, 0.55669999122619629, -0.61729997396469116, 0 ],
				[ -0.056000001728534698, -0.76609998941421509, -0.64029997587203979, 0 ],
				[ 57.721500396728516, -25.122699737548828, 357.54098510742188, 1 ]
			],
			"cuboid_centroid": [ 57.721500396728516, -25.122699737548828, 357.54098510742188 ],
			"projected_cuboid_centroid": [ 1114.9827880859375, 472.54541015625 ],
			"bounding_box":
			{
				"top_left": [ 280.6990966796875, 772.43377685546875 ],
				"bottom_right": [ 779.0244140625, 1546.607177734375 ]
			},
			"cuboid": [
				[ 135.86259460449219, 14.843700408935547, 242.20730590820312 ],
				[ 191.4613037109375, -40.8302001953125, 303.948486328125 ],
				[ 195.81520080566406, 18.702699661254883, 353.71038818359375 ],
				[ 140.21650695800781, 74.376602172851562, 291.96920776367188 ],
				[ -80.372299194335938, -68.948097229003906, 361.3717041015625 ],
				[ -24.773599624633789, -124.62200164794922, 423.1129150390625 ],
				[ -20.419700622558594, -65.089103698730469, 472.87478637695312 ],
				[ -76.018402099609375, -9.4152002334594727, 411.13360595703125 ]
			],
			"projected_cuboid": [
				[ 1498.4984130859375, 598.83380126953125 ],
				[ 1564.7176513671875, 411.04071044921875 ],
				[ 1491.4593505859375, 590.76092529296875 ],
				[ 1421.0350341796875, 784.55181884765625 ],
				[ 746.48779296875, 356.83621215820312 ],
				[ 903.7916259765625, 257.24530029296875 ],
				[ 918.54559326171875, 407.86029052734375 ],
				[ 782.49700927734375, 518.015380859375 ]
			]
		},
		{
			"class": "SM_Armchair",
			"instance_id": 0,
			"visibility": 0.84689998626708984,
			"location": [ -187.360107421875, -27.452400207519531, 368.96209716796875 ],
			"quaternion_xyzw": [ 0.34070000052452087, 0.1632000058889389, 0.029799999669194221, 0.9254000186920166 ],
			"pose_transform": [
				[ 0.32229998707771301, -0.62089997529983521, 0.71460002660751343, 0 ],
				[ 0.94499999284744263, 0.1664000004529953, -0.28169998526573181, 0 ],
				[ -0.056000001728534698, -0.76609998941421509, -0.64029997587203979, 0 ],
				[ -187.360107421875, -27.452400207519531, 368.96209716796875, 1 ]
			],
			"cuboid_centroid": [ -187.360107421875, -27.452400207519531, 368.96209716796875 ],
			"projected_cuboid_centroid": [ 472.5093994140625, 468.57159423828125 ],
			"bounding_box":
			{
				"top_left": [ 328.3074951171875, 269.2235107421875 ],
				"bottom_right": [ 621.92547607421875, 640.76409912109375 ]
			},
			"cuboid": [
				[ -135.88540649414062, -74.500297546386719, 357.6942138671875 ],
				[ -219.0238037109375, -89.135902404785156, 382.47781372070312 ],
				[ -214.5, -27.280399322509766, 434.18109130859375 ],
				[ -131.36160278320312, -12.644800186157227, 409.39749145507812 ],
				[ -160.22019958496094, -27.624399185180664, 303.74310302734375 ],
				[ -243.35859680175781, -42.259998321533203, 328.52670288085938 ],
				[ -238.83479309082031, 19.595500946044922, 380.22988891601562 ],
				[ -155.69639587402344, 34.231098175048828, 355.4464111328125 ]
			],
			"projected_cuboid": [
				[ 595.30340576171875, 340.05160522460938 ],
				[ 410.26150512695312, 316.273193359375 ],
				[ 485.72808837890625, 479.681396484375 ],
				[ 651.96929931640625, 510.3489990234375 ],
				[ 453.61410522460938, 452.69100952148438 ],
				[ 248.87339782714844, 416.51031494140625 ],
				[ 356.99319458007812, 589.4744873046875 ],
				[ 539.49102783203125, 632.45220947265625 ]
			]
		},
		{
			"class": "SM_Coffe_Table_2",
			"instance_id": 0,
			"visibility": 0.92779999971389771,
			"location": [ 9.0886001586914062, 24.912399291992188, 317.04190063476562 ],
			"quaternion_xyzw": [ 0.18379999697208405, 0.83350002765655518, 0.28839999437332153, 0.43389999866485596 ],
			"pose_transform": [
				[ 0.82940000295639038, 0.321399986743927, -0.45699998736381531, 0 ],
				[ -0.555899977684021, 0.55669999122619629, -0.61729997396469116, 0 ],
				[ -0.056000001728534698, -0.76609998941421509, -0.64029997587203979, 0 ],
				[ 9.0886001586914062, 24.912399291992188, 317.04190063476562, 1 ]
			],
			"cuboid_centroid": [ 9.0886001586914062, 24.912399291992188, 317.04190063476562 ],
			"projected_cuboid_centroid": [ 987.5203857421875, 615.43450927734375 ],
			"bounding_box":
			{
				"top_left": [ 510.58041381835938, 889.9683837890625 ],
				"bottom_right": [ 722.14569091796875, 1084.12841796875 ]
			},
			"cuboid": [
				[ 15.873299598693848, 35.257999420166016, 273.60031127929688 ],
				[ 47.899200439453125, 3.1888000965118408, 309.16439819335938 ],
				[ 50.085498809814453, 33.082401275634766, 334.151611328125 ],
				[ 18.059600830078125, 65.151603698730469, 298.58749389648438 ],
				[ -31.90839958190918, 16.742399215698242, 299.93218994140625 ],
				[ 0.11749999970197678, -15.326800346374512, 335.49630737304688 ],
				[ 2.303800106048584, 14.566800117492676, 360.48348999023438 ],
				[ -29.722099304199219, 46.636001586914062, 324.91940307617188 ]
			],
			"projected_cuboid": [
				[ 1015.6962280273438, 663.71209716796875 ],
				[ 1108.734375, 549.90167236328125 ],
				[ 1103.8931884765625, 635.04400634765625 ],
				[ 1018.0645751953125, 749.47137451171875 ],
				[ 857.87060546875, 593.58782958984375 ],
				[ 960.33660888671875, 496.14340209960938 ],
				[ 966.1356201171875, 578.792724609375 ],
				[ 872.18402099609375, 677.789794921875 ]
			]
		},
		{
			"class": "SM_Opened_Book",
			"instance_id": 0,
			"visibility": 1,
			"location": [ 3.0790998935699463, -26.746799468994141, 289.66461181640625 ],
			"quaternion_xyzw": [ -0.17710000276565552, -0.15680000185966492, -0.93849998712539673, 0.2515999972820282 ],
			"pose_transform": [
				[ 0.25350001454353333, 0.38350000977516174, 0.8881000280380249, 0 ],
				[ -0.81059998273849487, -0.41670000553131104, 0.41139999032020569, 0 ],
				[ -0.52789998054504395, 0.82419997453689575, -0.20520000159740448, 0 ],
				[ 3.0790998935699463, -26.746799468994141, 289.66461181640625, 1 ]
			],
			"cuboid_centroid": [ 3.0789999961853027, -26.746799468994141, 289.66461181640625 ],
			"projected_cuboid_centroid": [ 970.20501708984375, 451.35629272460938 ],
			"bounding_box":
			{
				"top_left": [ 396.73019409179688, 919.94140625 ],
				"bottom_right": [ 494.74481201171875, 1020.9874267578125 ]
			},
			"cuboid": [
				[ -3.0690000057220459, -22.15839958190918, 311.2943115234375 ],
				[ 16.336599349975586, -12.181699752807617, 301.44549560546875 ],
				[ 19.069000244140625, -16.447900772094727, 302.5078125 ],
				[ -0.33649998903274536, -26.42449951171875, 312.35650634765625 ],
				[ -12.910900115966797, -37.045700073242188, 276.8212890625 ],
				[ 6.4945998191833496, -27.069099426269531, 266.97259521484375 ],
				[ 9.2271003723144531, -31.335300445556641, 268.034912109375 ],
				[ -10.178500175476074, -41.311901092529297, 277.88360595703125 ]
			],
			"projected_cuboid": [
				[ 950.5360107421875, 471.6658935546875 ],
				[ 1012.0267944335938, 501.20541381835938 ],
				[ 1020.515380859375, 487.8031005859375 ],
				[ 958.96600341796875, 458.78659057617188 ],
				[ 915.2261962890625, 411.52749633789062 ],
				[ 983.3543701171875, 442.66281127929688 ],
				[ 993.0482177734375, 427.768798828125 ],
				[ 924.83697509765625, 397.2803955078125 ]
			]
		},
		{
			"class": "SM_Cup",
			"instance_id": 0,
			"visibility": 1,
			"location": [ 84.889503479003906, -4.6378002166748047, 158.79299926757812 ],
			"quaternion_xyzw": [ -0.75089997053146362, 0.60250002145767212, -0.13660000264644623, -0.23350000381469727 ],
			"pose_transform": [
				[ -0.076300002634525299, -0.51520001888275146, -0.85360002517700195, 0 ],
				[ 0.23659999668598175, -0.8410000205039978, 0.48649999499320984, 0 ],
				[ 0.96859997510910034, 0.16490000486373901, -0.18610000610351562, 0 ],
				[ 84.889503479003906, -4.6378002166748047, 158.79299926757812, 1 ]
			],
			"cuboid_centroid": [ 84.889503479003906, -4.6378002166748047, 158.79299926757812 ],
			"projected_cuboid_centroid": [ 1473.208984375, 511.96160888671875 ],
			"bounding_box":
			{
				"top_left": [ 459.96090698242188, 1438.279541015625 ],
				"bottom_right": [ 562.1107177734375, 1504.9674072265625 ]
			},
			"cuboid": [
				[ 89.137199401855469, -14.76830005645752, 155.33839416503906 ],
				[ 85.424598693847656, -1.5730999708175659, 147.70579528808594 ],
				[ 79.445098876953125, -2.5910999774932861, 148.85450744628906 ],
				[ 83.157798767089844, -15.786299705505371, 156.48710632324219 ],
				[ 90.333900451660156, -6.6845002174377441, 168.73150634765625 ],
				[ 86.621200561523438, 6.5107002258300781, 161.09890747070312 ],
				[ 80.641700744628906, 5.4927000999450684, 162.24760437011719 ],
				[ 84.354400634765625, -7.7024998664855957, 169.88020324707031 ]
			],
			"projected_cuboid": [
				[ 1510.8736572265625, 448.73098754882812 ],
				[ 1515.2095947265625, 529.77569580078125 ],
				[ 1472.36181640625, 523.2894287109375 ],
				[ 1470.1475830078125, 443.15591430664062 ],
				[ 1473.9561767578125, 501.96829223632812 ],
				[ 1476.1826171875, 578.79779052734375 ],
				[ 1437.148193359375, 572.49981689453125 ],
				[ 1436.6904296875, 496.47280883789062 ]
			]
		},
		{
			"class": "SM_Coffe_Table_2",
			"instance_id": 0,
			"visibility": 0.89869999885559082,
			"location": [ -111.20439910888672, 82.389396667480469, 231.58929443359375 ],
			"quaternion_xyzw": [ 0.18379999697208405, 0.83350002765655518, 0.28839999437332153, 0.43389999866485596 ],
			"pose_transform": [
				[ 0.82940000295639038, 0.321399986743927, -0.45699998736381531, 0 ],
				[ -0.555899977684021, 0.55669999122619629, -0.61729997396469116, 0 ],
				[ -0.056000001728534698, -0.76609998941421509, -0.64029997587203979, 0 ],
				[ -111.20439910888672, 82.389396667480469, 231.58929443359375, 1 ]
			],
			"cuboid_centroid": [ -111.20439910888672, 82.389396667480469, 231.58929443359375 ],
			"projected_cuboid_centroid": [ 499.0281982421875, 881.5260009765625 ],
			"bounding_box":
			{
				"top_left": [ 727.88690185546875, 317.5618896484375 ],
				"bottom_right": [ 1040.9583740234375, 643.2178955078125 ]
			},
			"cuboid": [
				[ -104.41960144042969, 92.735000610351562, 188.147705078125 ],
				[ -72.393798828125, 60.665798187255859, 223.71180725097656 ],
				[ -70.207496643066406, 90.559402465820312, 248.69900512695312 ],
				[ -102.2333984375, 122.62860107421875, 213.13490295410156 ],
				[ -152.2012939453125, 74.219398498535156, 214.47959899902344 ],
				[ -120.17549896240234, 42.150199890136719, 250.043701171875 ],
				[ -117.98919677734375, 72.043800354003906, 275.03091430664062 ],
				[ -150.01510620117188, 104.11299896240234, 239.466796875 ]
			],
			"projected_cuboid": [
				[ 427.21240234375, 1013.1683959960938 ],
				[ 649.3416748046875, 800.33111572265625 ],
				[ 688.9932861328125, 889.5670166015625 ],
				[ 499.52191162109375, 1092.3421630859375 ],
				[ 278.7550048828125, 872.2020263671875 ],
				[ 498.6072998046875, 701.82830810546875 ],
				[ 548.1571044921875, 791.46990966796875 ],
				[ 358.60418701171875, 957.3790283203125 ]
			]
		},
		{
			"class": "SM_Armchair",
			"instance_id": 0,
			"visibility": 0.53949999809265137,
			"location": [ -132.74440002441406, 53.627201080322266, 268.13229370117188 ],
			"quaternion_xyzw": [ 0.18379999697208405, 0.83350002765655518, 0.28839999437332153, 0.43389999866485596 ],
			"pose_transform": [
				[ 0.82940000295639038, 0.321399986743927, -0.45699998736381531, 0 ],
				[ -0.555899977684021, 0.55669999122619629, -0.61729997396469116, 0 ],
				[ -0.056000001728534698, -0.76609998941421509, -0.64029997587203979, 0 ],
				[ -132.74440002441406, 53.627201080322266, 268.13229370117188, 1 ]
			],
			"cuboid_centroid": [ -132.74440002441406, 53.627201080322266, 268.13229370117188 ],
			"projected_cuboid_centroid": [ 484.7327880859375, 732.00262451171875 ],
			"bounding_box":
			{
				"top_left": [ 516.30999755859375, 247.01010131835938 ],
				"bottom_right": [ 987.110595703125, 712.985107421875 ]
			},
			"cuboid": [
				[ -128.15260314941406, 59.318901062011719, 197.87109375 ],
				[ -79.243896484375, 10.343999862670898, 252.18330383300781 ],
				[ -74.720100402832031, 72.199501037597656, 303.8865966796875 ],
				[ -123.62879943847656, 121.17449951171875, 249.57440185546875 ],
				[ -190.76870727539062, 35.055000305175781, 232.37809753417969 ],
				[ -141.86000061035156, -13.920000076293945, 286.6903076171875 ],
				[ -137.33619689941406, 47.935600280761719, 338.39358520507812 ],
				[ -186.24490356445312, 96.910499572753906, 284.08139038085938 ]
			],
			"projected_cuboid": [
				[ 338.25, 827.79400634765625 ],
				[ 658.3385009765625, 579.37701416015625 ],
				[ 723.9542236328125, 768.08349609375 ],
				[ 484.45620727539062, 1006.1032104492188 ],
				[ 171.89729309082031, 684.8187255859375 ],
				[ 484.97360229492188, 493.38800048828125 ],
				[ 570.38690185546875, 675.98992919921875 ],
				[ 330.62060546875, 867.49078369140625 ]
			]
		}
	]
}