{
	"camera_data":
	{
		"location_worldframe": [ 114.19529724121094, 234.26190185546875, 245 ],
		"quaternion_xyzw_worldframe": [ 0.28839999437332153, 0.18379999697208405, -0.83350002765655518, 0.43389999866485596 ]
	},
	"objects": [
		{
			"class": "SM_Sofa",
			"instance_id": 0,
			"visibility": 0.63270002603530884,
			"location": [ 57.721500396728516, -25.122699737548828, 357.54098510742188 ],
			"quaternion_xyzw": [ 0.18379999697208405, 0.83350002765655518, 0.28839999437332153, 0.43389999866485596 ],
			"pose_transform": [
				[ 0.82940000295639038, 0.321399986743927, -0.45699998736381531, 0 ],
				[ -0.555899977684021, 0.55669999122619629, -0.61729997396469116, 0 ],
				[ -0.056000001728534698, -0.76609998941421509, -0.64029997587203979, 0 ],
				[ 57.721500396728516, -25.122699737548828, 357.54098510742188, 1 ]
			],
			"cuboid_centroid": [ 57.721500396728516, -25.122699737548828, 357.54098510742188 ],
			"projected_cuboid_centroid": [ 1114.9827880859375, 472.54541015625 ],
			"bounding_box":
			{
				"top_left": [ 280.6990966796875, 772.43377685546875 ],
				"bottom_right": [ 779.0244140625, 1546.607177734375 ]
			},
			"cuboid": [
				[ 135.86259460449219, 14.843700408935547, 242.20730590820312 ],
				[ 191.4613037109375, -40.8302001953125, 303.948486328125 ],
				[ 195.81520080566406, 18.702699661254883, 353.71038818359375 ],
				[ 140.21650695800781, 74.376602172851562, 291.96920776367188 ],
				[ -80.372299194335938, -68.948097229003906, 361.3717041015625 ],
				[ -24.773599624633789, -124.62200164794922, 423.1129150390625 ],
				[ -20.419700622558594, -65.089103698730469, 472.87478637695312 ],
				[ -76.018402099609375, -9.4152002334594727, 411.13360595703125 ]
			],
			"projected_cuboid": [
				[ 1498.4984130859375, 598.83380126953125 ],
				[ 1564.7176513671875, 411.04071044921875 ],
				[ 1491.4593505859375, 590.76092529296875 ],
				[ 1421.0350341796875, 784.55181884765625 ],
				[ 746.48779296875, 356.83621215820312 ],
				[ 903.7916259765625, 257.24530029296875 ],
				[ 918.54559326171875, 407.86029052734375 ],
				[ 782.49700927734375, 518.015380859375 ]
			]
		},
		{
			"class": "SM_Armchair",
			"instance_id": 0,
			"visibility": 0.77549999952316284,
			"location": [ -190.31010437011719, -25.153099060058594, 366.44781494140625 ],
			"quaternion_xyzw": [ 0.34070000052452087, 0.1632000058889389, 0.029799999669194221, 0.9254000186920166 ],
			"pose_transform": [
				[ 0.32229998707771301, -0.62089997529983521, 0.71460002660751343, 0 ],
				[ 0.94499999284744263, 0.1664000004529953, -0.28169998526573181, 0 ],
				[ -0.056000001728534698, -0.76609998941421509, -0.64029997587203979, 0 ],
				[ -190.31010437011719, -25.153099060058594, 366.44781494140625, 1 ]
			],
			"cuboid_centroid": [ -190.31010437011719, -25.153099060058594, 366.44781494140625 ],
			"projected_cuboid_centroid": [ 461.4364013671875, 474.1051025390625 ],
			"bounding_box":
			{
				"top_left": [ 332.818603515625, 255.41799926757812 ],
				"bottom_right": [ 628.7086181640625, 631.66510009765625 ]
			},
			"cuboid": [
				[ -138.83540344238281, -72.201103210449219, 355.17999267578125 ],
				[ -221.97380065917969, -86.836601257324219, 379.9635009765625 ],
				[ -217.44999694824219, -24.981100082397461, 431.66680908203125 ],
				[ -134.31170654296875, -10.345499992370605, 406.88330078125 ],
				[ -163.17019653320312, -25.325199127197266, 301.22891235351562 ],
				[ -246.30859375, -39.960700988769531, 326.01239013671875 ],
				[ -241.78480529785156, 21.894800186157227, 377.7156982421875 ],
				[ -158.64639282226562, 36.530300140380859, 352.93209838867188 ]
			],
			"projected_cuboid": [
				[ 584.7484130859375, 344.85089111328125 ],
				[ 399.17068481445312, 320.60211181640625 ],
				[ 476.40509033203125, 484.44351196289062 ],
				[ 643.1055908203125, 515.5906982421875 ],
				[ 439.98590087890625, 459.28988647460938 ],
				[ 234.70230102539062, 422.32861328125 ],
				[ 345.48159790039062, 595.64752197265625 ],
				[ 528.47113037109375, 639.364990234375 ]
			]
		},
		{
			"class": "SM_Coffe_Table_2",
			"instance_id": 0,
			"visibility": 0.92779999971389771,
			"location": [ -4.7690000534057617, 25.28700065612793, 318.29290771484375 ],
			"quaternion_xyzw": [ 0.18379999697208405, 0.83350002765655518, 0.28839999437332153, 0.43389999866485596 ],
			"pose_transform": [
				[ 0.82940000295639038, 0.321399986743927, -0.45699998736381531, 0 ],
				[ -0.555899977684021, 0.55669999122619629, -0.61729997396469116, 0 ],
				[ -0.056000001728534698, -0.76609998941421509, -0.64029997587203979, 0 ],
				[ -4.7690000534057617, 25.28700065612793, 318.29290771484375, 1 ]
			],
			"cuboid_centroid": [ -4.7690000534057617, 25.28700065612793, 318.29290771484375 ],
			"projected_cuboid_centroid": [ 945.6165771484375, 616.267822265625 ],
			"bounding_box":
			{
				"top_left": [ 511.78509521484375, 847.55078125 ],
				"bottom_right": [ 722.572509765625, 1039.5799560546875 ]
			},
			"cuboid": [
				[ 2.0157999992370605, 35.632598876953125, 274.8511962890625 ],
				[ 34.041698455810547, 3.5634000301361084, 310.41531372070312 ],
				[ 36.228000640869141, 33.457000732421875, 335.40249633789062 ],
				[ 4.2020998001098633, 65.526199340820312, 299.8385009765625 ],
				[ -45.765899658203125, 17.117000579833984, 301.18319702148438 ],
				[ -13.739999771118164, -14.952199935913086, 336.747314453125 ],
				[ -11.553799629211426, 14.941399574279785, 361.73440551757812 ],
				[ -43.579601287841797, 47.010601043701172, 326.17041015625 ]
			],
			"projected_cuboid": [
				[ 967.04119873046875, 664.4573974609375 ],
				[ 1065.27880859375, 551.02020263671875 ],
				[ 1063.6932373046875, 635.76171875 ],
				[ 973.4542236328125, 749.79681396484375 ],
				[ 814.1248779296875, 594.5592041015625 ],
				[ 920.83038330078125, 497.37420654296875 ],
				[ 929.33819580078125, 579.6527099609375 ],
				[ 831.73480224609375, 678.36376953125 ]
			]
		},
		{
			"class": "SM_Opened_Book",
			"instance_id": 0,
			"visibility": 0,
			"location": [ 28.309000015258789, 41.410900115966797, 380.231201171875 ],
			"quaternion_xyzw": [ -0.45509999990463257, 0.23610000312328339, 0.51090002059936523, 0.68999999761581421 ],
			"pose_transform": [
				[ -0.13930000364780426, 0.86930000782012939, 0.47429999709129333, 0 ],
				[ 0.36640000343322754, 0.49020001292228699, -0.79089999198913574, 0 ],
				[ 0.92000001668930054, -0.063699997961521149, 0.38679999113082886, 0 ],
				[ 28.309000015258789, 41.410900115966797, 380.231201171875, 1 ]
			],
			"cuboid_centroid": [ 28.309000015258789, 41.410900115966797, 380.23110961914062 ],
			"projected_cuboid_centroid": [ 1031.474365234375, 644.55352783203125 ],
			"bounding_box":
			{
				"top_left": [ 587.1981201171875, 1005.1148071289062 ],
				"bottom_right": [ 703.3519287109375, 1057.40478515625 ]
			},
			"cuboid": [
				[ 32.373199462890625, 63.98590087890625, 380.9713134765625 ],
				[ 23.601100921630859, 52.250999450683594, 399.90399169921875 ],
				[ 18.839000701904297, 52.580501556396484, 397.90188598632812 ],
				[ 27.611200332641602, 64.315399169921875, 378.96908569335938 ],
				[ 37.779098510742188, 30.241300582885742, 362.56039428710938 ],
				[ 29.006900787353516, 18.506399154663086, 381.49310302734375 ],
				[ 24.244899749755859, 18.835899353027344, 379.49090576171875 ],
				[ 33.016998291015625, 30.57080078125, 360.55819702148438 ]
			],
			"projected_cuboid": [
				[ 1041.5767822265625, 701.236572265625 ],
				[ 1016.6566162109375, 665.4326171875 ],
				[ 1005.452392578125, 666.85882568359375 ],
				[ 1029.944580078125, 702.923095703125 ],
				[ 1060.033203125, 620.0740966796875 ],
				[ 1032.994140625, 586.57012939453125 ],
				[ 1021.3325805664062, 587.6494140625 ],
				[ 1047.909423828125, 621.39599609375 ]
			]
		},
		{
			"class": "SM_Cup",
			"instance_id": 0,
			"visibility": 1,
			"location": [ 94.677696228027344, -14.374300003051758, 214.52909851074219 ],
			"quaternion_xyzw": [ 0.31009998917579651, -0.6403999924659729, -0.6744999885559082, 0.19660000503063202 ],
			"pose_transform": [
				[ -0.67019999027252197, 0.74210000038146973, -0.01269999984651804, 0 ],
				[ -0.73040002584457397, -0.66250002384185791, -0.16650000214576721, 0 ],
				[ 0.13189999759197235, 0.1023000031709671, -0.98600000143051147, 0 ],
				[ 94.677696228027344, -14.374300003051758, 214.52909851074219, 1 ]
			],
			"cuboid_centroid": [ 94.677696228027344, -14.374300003051758, 214.52909851074219 ],
			"projected_cuboid_centroid": [ 1383.6751708984375, 475.67630004882812 ],
			"bounding_box":
			{
				"top_left": [ 439.28619384765625, 1342.7261962890625 ],
				"bottom_right": [ 511.69580078125, 1421.750244140625 ]
			},
			"cuboid": [
				[ 84.097999572753906, -13.434000015258789, 210.08039855957031 ],
				[ 95.556800842285156, -3.0402998924255371, 212.69239807128906 ],
				[ 94.742301940917969, -3.6719999313354492, 218.77909851074219 ],
				[ 83.283500671386719, -14.065699577331543, 216.16709899902344 ],
				[ 94.612998962402344, -25.07659912109375, 210.27920532226562 ],
				[ 106.07180023193359, -14.682900428771973, 212.89120483398438 ],
				[ 105.25740051269531, -15.314599990844727, 218.97779846191406 ],
				[ 93.798599243164062, -25.70829963684082, 216.36579895019531 ]
			],
			"projected_cuboid": [
				[ 1344.3011474609375, 478.61099243164062 ],
				[ 1391.3016357421875, 526.27740478515625 ],
				[ 1375.7286376953125, 523.8873291015625 ],
				[ 1329.8631591796875, 477.53408813476562 ],
				[ 1391.9432373046875, 425.51651000976562 ],
				[ 1438.315185546875, 473.789794921875 ],
				[ 1421.44921875, 472.86090087890625 ],
				[ 1376.17822265625, 425.93438720703125 ]
			]
		},
		{
			"class": "SM_Coffe_Table_2",
			"instance_id": 0,
			"visibility": 0.94809997081756592,
			"location": [ -113.08249664306641, 74.473800659179688, 239.63999938964844 ],
			"quaternion_xyzw": [ 0.18379999697208405, 0.83350002765655518, 0.28839999437332153, 0.43389999866485596 ],
			"pose_transform": [
				[ 0.82940000295639038, 0.321399986743927, -0.45699998736381531, 0 ],
				[ -0.555899977684021, 0.55669999122619629, -0.61729997396469116, 0 ],
				[ -0.056000001728534698, -0.76609998941421509, -0.64029997587203979, 0 ],
				[ -113.08249664306641, 74.473800659179688, 239.63999938964844, 1 ]
			],
			"cuboid_centroid": [ -113.08249664306641, 74.473800659179688, 239.63999938964844 ],
			"projected_cuboid_centroid": [ 506.99090576171875, 838.3424072265625 ],
			"bounding_box":
			{
				"top_left": [ 691.49847412109375, 333.2532958984375 ],
				"bottom_right": [ 990.37200927734375, 646.12091064453125 ]
			},
			"cuboid": [
				[ -106.29769897460938, 84.81939697265625, 196.19839477539062 ],
				[ -74.271896362304688, 52.750198364257812, 231.76249694824219 ],
				[ -72.085601806640625, 82.643798828125, 256.74969482421875 ],
				[ -104.11150360107422, 114.71299743652344, 221.18569946289062 ],
				[ -154.07940673828125, 66.303802490234375, 222.5303955078125 ],
				[ -122.05359649658203, 34.234600067138672, 258.09439086914062 ],
				[ -119.86730194091797, 64.128196716308594, 283.08160400390625 ],
				[ -151.89320373535156, 96.197402954101562, 247.51759338378906 ]
			],
			"projected_cuboid": [
				[ 439.885009765625, 955.0216064453125 ],
				[ 652.35369873046875, 758.5001220703125 ],
				[ 690.46881103515625, 849.00897216796875 ],
				[ 508.131103515625, 1037.8824462890625 ],
				[ 295.29910278320312, 826.0355224609375 ],
				[ 506.0137939453125, 667.33782958984375 ],
				[ 553.50079345703125, 757.4744873046875 ],
				[ 370.88088989257812, 913.10260009765625 ]
			]
		},
		{
			"class": "SM_Armchair",
			"instance_id": 0,
			"visibility": 0.51719999313354492,
			"location": [ -176.7572021484375, 56.033500671386719, 268.4197998046875 ],
			"quaternion_xyzw": [ 0.18379999697208405, 0.83350002765655518, 0.28839999437332153, 0.43389999866485596 ],
			"pose_transform": [
				[ 0.82940000295639038, 0.321399986743927, -0.45699998736381531, 0 ],
				[ -0.555899977684021, 0.55669999122619629, -0.61729997396469116, 0 ],
				[ -0.056000001728534698, -0.76609998941421509, -0.64029997587203979, 0 ],
				[ -176.7572021484375, 56.033500671386719, 268.4197998046875, 1 ]
			],
			"cuboid_centroid": [ -176.7572021484375, 56.033500671386719, 268.4197998046875 ],
			"projected_cuboid_centroid": [ 327.83050537109375, 740.40277099609375 ],
			"bounding_box":
			{
				"top_left": [ 524.34588623046875, 77.383903503417969 ],
				"bottom_right": [ 995.7437744140625, 575.18951416015625 ]
			},
			"cuboid": [
				[ -172.1654052734375, 61.725200653076172, 198.15849304199219 ],
				[ -123.25669860839844, 12.750200271606445, 252.470703125 ],
				[ -118.73290252685547, 74.605796813964844, 304.17401123046875 ],
				[ -167.6416015625, 123.58070373535156, 249.86180114746094 ],
				[ -234.781494140625, 37.461200714111328, 232.66549682617188 ],
				[ -185.872802734375, -11.513699531555176, 286.97769165039062 ],
				[ -181.3489990234375, 50.341800689697266, 338.68099975585938 ],
				[ -230.25770568847656, 99.316703796386719, 284.36880493164062 ]
			],
			"projected_cuboid": [
				[ 125.92710113525391, 839.0338134765625 ],
				[ 491.32669067382812, 588.481689453125 ],
				[ 585.26910400390625, 775.46221923828125 ],
				[ 315.90060424804688, 1014.81201171875 ],
				[ -8.7301998138427734, 694.568115234375 ],
				[ 338.21749877929688, 501.4840087890625 ],
				[ 445.96209716796875, 682.69488525390625 ],
				[ 182.67390441894531, 875.28277587890625 ]
			]
		}
	]
}