{
	"camera_data":
	{
		"location_worldframe": [ 114.19529724121094, 234.26190185546875, 245 ],
		"quaternion_xyzw_worldframe": [ 0.28839999437332153, 0.18379999697208405, -0.83350002765655518, 0.43389999866485596 ]
	},
	"objects": [
		{
			"class": "SM_Sofa",
			"instance_id": 0,
			"visibility": 0.64289999008178711,
			"location": [ 57.721500396728516, -25.122699737548828, 357.54098510742188 ],
			"quaternion_xyzw": [ 0.18379999697208405, 0.83350002765655518, 0.28839999437332153, 0.43389999866485596 ],
			"pose_transform": [
				[ 0.82940000295639038, 0.321399986743927, -0.45699998736381531, 0 ],
				[ -0.555899977684021, 0.55669999122619629, -0.61729997396469116, 0 ],
				[ -0.056000001728534698, -0.76609998941421509, -0.64029997587203979, 0 ],
				[ 57.721500396728516, -25.122699737548828, 357.54098510742188, 1 ]
			],
			"cuboid_centroid": [ 57.721500396728516, -25.122699737548828, 357.54098510742188 ],
			"projected_cuboid_centroid": [ 1114.9827880859375, 472.54541015625 ],
			"bounding_box":
			{
				"top_left": [ 280.6990966796875, 772.43377685546875 ],
				"bottom_right": [ 779.0244140625, 1546.607177734375 ]
			},
			"cuboid": [
				[ 135.86259460449219, 14.843700408935547, 242.20730590820312 ],
				[ 191.4613037109375, -40.8302001953125, 303.948486328125 ],
				[ 195.81520080566406, 18.702699661254883, 353.71038818359375 ],
				[ 140.21650695800781, 74.376602172851562, 291.96920776367188 ],
				[ -80.372299194335938, -68.948097229003906, 361.3717041015625 ],
				[ -24.773599624633789, -124.62200164794922, 423.1129150390625 ],
				[ -20.419700622558594, -65.089103698730469, 472.87478637695312 ],
				[ -76.018402099609375, -9.4152002334594727, 411.13360595703125 ]
			],
			"projected_cuboid": [
				[ 1498.4984130859375, 598.83380126953125 ],
				[ 1564.7176513671875, 411.04071044921875 ],
				[ 1491.4593505859375, 590.76092529296875 ],
				[ 1421.0350341796875, 784.55181884765625 ],
				[ 746.48779296875, 356.83621215820312 ],
				[ 903.7916259765625, 257.24530029296875 ],
				[ 918.54559326171875, 407.86029052734375 ],
				[ 782.49700927734375, 518.015380859375 ]
			]
		},
		{
			"class": "SM_Armchair",
			"instance_id": 0,
			"visibility": 0.74750000238418579,
			"location": [ -187.36030578613281, -27.453500747680664, 368.96340942382812 ],
			"quaternion_xyzw": [ 0.34070000052452087, 0.1632000058889389, 0.029799999669194221, 0.9254000186920166 ],
			"pose_transform": [
				[ 0.32229998707771301, -0.62089997529983521, 0.71460002660751343, 0 ],
				[ 0.94499999284744263, 0.1664000004529953, -0.28169998526573181, 0 ],
				[ -0.056000001728534698, -0.76609998941421509, -0.64029997587203979, 0 ],
				[ -187.36030578613281, -27.453500747680664, 368.96340942382812, 1 ]
			],
			"cuboid_centroid": [ -187.36030578613281, -27.453500747680664, 368.96340942382812 ],
			"projected_cuboid_centroid": [ 472.51058959960938, 468.569091796875 ],
			"bounding_box":
			{
				"top_left": [ 328.30560302734375, 269.22549438476562 ],
				"bottom_right": [ 621.92230224609375, 640.76458740234375 ]
			},
			"cuboid": [
				[ -135.88560485839844, -74.50140380859375, 357.69549560546875 ],
				[ -219.02400207519531, -89.137001037597656, 382.47900390625 ],
				[ -214.50019836425781, -27.281400680541992, 434.18231201171875 ],
				[ -131.36180114746094, -12.645899772644043, 409.3988037109375 ],
				[ -160.22039794921875, -27.625499725341797, 303.744384765625 ],
				[ -243.35879516601562, -42.261100769042969, 328.52801513671875 ],
				[ -238.83500671386719, 19.594499588012695, 380.231201171875 ],
				[ -155.69659423828125, 34.229999542236328, 355.44769287109375 ]
			],
			"projected_cuboid": [
				[ 595.30419921875, 340.04949951171875 ],
				[ 410.26300048828125, 316.27130126953125 ],
				[ 485.72909545898438, 479.67919921875 ],
				[ 651.9697265625, 510.34658813476562 ],
				[ 453.6156005859375, 452.68798828125 ],
				[ 248.87539672851562, 416.50759887695312 ],
				[ 356.99468994140625, 589.47149658203125 ],
				[ 539.49200439453125, 632.44891357421875 ]
			]
		},
		{
			"class": "SM_Coffe_Table_2",
			"instance_id": 0,
			"visibility": 0.92779999971389771,
			"location": [ 13.136899948120117, 25.841800689697266, 315.52090454101562 ],
			"quaternion_xyzw": [ 0.18379999697208405, 0.83350002765655518, 0.28839999437332153, 0.43389999866485596 ],
			"pose_transform": [
				[ 0.82940000295639038, 0.321399986743927, -0.45699998736381531, 0 ],
				[ -0.555899977684021, 0.55669999122619629, -0.61729997396469116, 0 ],
				[ -0.056000001728534698, -0.76609998941421509, -0.64029997587203979, 0 ],
				[ 13.136899948120117, 25.841800689697266, 315.52090454101562, 1 ]
			],
			"cuboid_centroid": [ 13.136899948120117, 25.841800689697266, 315.52090454101562 ],
			"projected_cuboid_centroid": [ 999.9705810546875, 618.6260986328125 ],
			"bounding_box":
			{
				"top_left": [ 513.17791748046875, 902.209228515625 ],
				"bottom_right": [ 725.9691162109375, 1097.8427734375 ]
			},
			"cuboid": [
				[ 19.921699523925781, 36.187400817871094, 272.07931518554688 ],
				[ 51.947498321533203, 4.1181998252868652, 307.64340209960938 ],
				[ 54.133800506591797, 34.011798858642578, 332.630615234375 ],
				[ 22.107900619506836, 66.081001281738281, 297.06649780273438 ],
				[ -27.860000610351562, 17.67180061340332, 298.41119384765625 ],
				[ 4.1658000946044922, -14.397299766540527, 333.97531127929688 ],
				[ 6.3520998954772949, 15.496299743652344, 358.96249389648438 ],
				[ -25.673799514770508, 47.565498352050781, 323.39840698242188 ]
			],
			"projected_cuboid": [
				[ 1030.2916259765625, 667.68310546875 ],
				[ 1122.1024169921875, 552.85089111328125 ],
				[ 1116.2349853515625, 638.16107177734375 ],
				[ 1031.4442138671875, 753.54742431640625 ],
				[ 870.37359619140625, 596.85101318359375 ],
				[ 971.9749755859375, 498.61529541015625 ],
				[ 976.98822021484375, 581.44281005859375 ],
				[ 883.78839111328125, 681.19677734375 ]
			]
		},
		{
			"class": "SM_Opened_Book",
			"instance_id": 0,
			"visibility": 1,
			"location": [ -75.17340087890625, 83.309898376464844, 335.02239990234375 ],
			"quaternion_xyzw": [ -0.1273999959230423, 0.35379999876022339, 0.57679998874664307, 0.72519999742507935 ],
			"pose_transform": [
				[ 0.366100013256073, 0.59289997816085815, 0.71719998121261597, 0 ],
				[ 0.084399998188018799, 0.74639999866485596, -0.66009998321533203, 0 ],
				[ 0.92669999599456787, -0.30219998955726624, -0.22329999506473541, 0 ],
				[ -75.17340087890625, 83.309898376464844, 335.02239990234375, 1 ]
			],
			"cuboid_centroid": [ -75.17340087890625, 83.309898376464844, 335.02230834960938 ],
			"projected_cuboid_centroid": [ 744.59228515625, 778.7227783203125 ],
			"bounding_box":
			{
				"top_left": [ 724.6300048828125, 703.57208251953125 ],
				"bottom_right": [ 834.25732421875, 774.197021484375 ]
			},
			"cuboid": [
				[ -64.658500671386719, 102.97000122070312, 340.464111328125 ],
				[ -66.678703308105469, 85.100997924804688, 356.26681518554688 ],
				[ -71.475799560546875, 86.665298461914062, 357.42239379882812 ],
				[ -69.455596923828125, 104.5343017578125, 341.61981201171875 ],
				[ -78.871101379394531, 79.954399108886719, 312.6221923828125 ],
				[ -80.89129638671875, 62.085498809814453, 328.42489624023438 ],
				[ -85.688400268554688, 63.649799346923828, 329.58050537109375 ],
				[ -83.668197631835938, 81.518798828125, 313.77789306640625 ]
			],
			"projected_cuboid": [
				[ 777.68402099609375, 830.3424072265625 ],
				[ 780.3272705078125, 769.31390380859375 ],
				[ 768.0238037109375, 772.77410888671875 ],
				[ 764.8203125, 833.756103515625 ],
				[ 717.8031005859375, 785.52398681640625 ],
				[ 723.55157470703125, 721.4783935546875 ],
				[ 710.40777587890625, 725.398681640625 ],
				[ 704.01849365234375, 789.40582275390625 ]
			]
		},
		{
			"class": "SM_Cup",
			"instance_id": 0,
			"visibility": 1,
			"location": [ 46.839401245117188, -8.1522998809814453, 206.47630310058594 ],
			"quaternion_xyzw": [ -0.53070002794265747, -0.16189999878406525, -0.27529999613761902, 0.78509998321533203 ],
			"pose_transform": [
				[ 0.037999998778104782, 0.92250001430511475, 0.38420000672340393, 0 ],
				[ 0.79600000381469727, -0.26039999723434448, 0.54640001058578491, 0 ],
				[ -0.60409998893737793, -0.28510001301765442, 0.74419999122619629, 0 ],
				[ 46.839401245117188, -8.1522998809814453, 206.47630310058594, 1 ]
			],
			"cuboid_centroid": [ 46.839401245117188, -8.1522998809814453, 206.47630310058594 ],
			"projected_cuboid_centroid": [ 1177.77783203125, 502.0963134765625 ],
			"bounding_box":
			{
				"top_left": [ 463.87368774414062, 1152.8304443359375 ],
				"bottom_right": [ 542.8695068359375, 1211.5291748046875 ]
			},
			"cuboid": [
				[ 51.517501831054688, -3.8382999897003174, 216.07369995117188 ],
				[ 39.0281982421875, 0.24650000035762787, 207.50120544433594 ],
				[ 42.757301330566406, 2.0065000057220459, 202.90699768066406 ],
				[ 55.246498107910156, -2.0782999992370605, 211.47959899902344 ],
				[ 50.921600341796875, -18.311100006103516, 210.04559326171875 ],
				[ 38.432399749755859, -14.226300239562988, 201.47309875488281 ],
				[ 42.161399841308594, -12.466300010681152, 196.87890625 ],
				[ 54.650699615478516, -16.55109977722168, 205.45140075683594 ]
			],
			"projected_cuboid": [
				[ 1188.8887939453125, 522.94659423828125 ],
				[ 1140.5635986328125, 541.14031982421875 ],
				[ 1162.2950439453125, 549.4932861328125 ],
				[ 1210.7891845703125, 530.56561279296875 ],
				[ 1192.734375, 456.310302734375 ],
				[ 1143.1268310546875, 472.2130126953125 ],
				[ 1165.5833740234375, 479.21319580078125 ],
				[ 1215.3631591796875, 462.66281127929688 ]
			]
		},
		{
			"class": "SM_Coffe_Table_2",
			"instance_id": 0,
			"visibility": 0.26739999651908875,
			"location": [ -106.04309844970703, 4.9728999137878418, 323.9967041015625 ],
			"quaternion_xyzw": [ 0.18379999697208405, 0.83350002765655518, 0.28839999437332153, 0.43389999866485596 ],
			"pose_transform": [
				[ 0.82940000295639038, 0.321399986743927, -0.45699998736381531, 0 ],
				[ -0.555899977684021, 0.55669999122619629, -0.61729997396469116, 0 ],
				[ -0.056000001728534698, -0.76609998941421509, -0.64029997587203979, 0 ],
				[ -106.04309844970703, 4.9728999137878418, 323.9967041015625, 1 ]
			],
			"cuboid_centroid": [ -106.04309844970703, 4.9728999137878418, 323.9967041015625 ],
			"projected_cuboid_centroid": [ 645.79541015625, 554.73468017578125 ],
			"bounding_box":
			{
				"top_left": [ 454.0098876953125, 532.6328125 ],
				"bottom_right": [ 657.21209716796875, 743.8590087890625 ]
			},
			"cuboid": [
				[ -99.25830078125, 15.318499565124512, 280.55511474609375 ],
				[ -67.232498168945312, -16.750699996948242, 316.11920166015625 ],
				[ -65.04620361328125, 13.142900466918945, 341.10641479492188 ],
				[ -97.071998596191406, 45.212100982666016, 305.54229736328125 ],
				[ -147.03999328613281, -3.1970999240875244, 306.88699340820312 ],
				[ -115.01409912109375, -35.266300201416016, 342.45111083984375 ],
				[ -112.82790374755859, -5.3727002143859863, 367.43829345703125 ],
				[ -144.85380554199219, 26.696500778198242, 331.87420654296875 ]
			],
			"projected_cuboid": [
				[ 620.359375, 592.41668701171875 ],
				[ 755.826904296875, 489.13101196289062 ],
				[ 776.93621826171875, 576.989013671875 ],
				[ 655.00439453125, 682.05438232421875 ],
				[ 500.03179931640625, 529.9989013671875 ],
				[ 637.57891845703125, 441.13729858398438 ],
				[ 665.216796875, 525.962890625 ],
				[ 540.98748779296875, 617.2239990234375 ]
			]
		},
		{
			"class": "SM_Armchair",
			"instance_id": 0,
			"visibility": 0.75859999656677246,
			"location": [ -135.31260681152344, 29.84480094909668, 296.35000610351562 ],
			"quaternion_xyzw": [ 0.18379999697208405, 0.83350002765655518, 0.28839999437332153, 0.43389999866485596 ],
			"pose_transform": [
				[ 0.82940000295639038, 0.321399986743927, -0.45699998736381531, 0 ],
				[ -0.555899977684021, 0.55669999122619629, -0.61729997396469116, 0 ],
				[ -0.056000001728534698, -0.76609998941421509, -0.64029997587203979, 0 ],
				[ -135.31260681152344, 29.84480094909668, 296.35000610351562, 1 ]
			],
			"cuboid_centroid": [ -135.31260681152344, 29.84480094909668, 296.35000610351562 ],
			"projected_cuboid_centroid": [ 521.6669921875, 636.67938232421875 ],
			"bounding_box":
			{
				"top_left": [ 445.14151000976562, 310.394287109375 ],
				"bottom_right": [ 860.7882080078125, 726.47052001953125 ]
			},
			"cuboid": [
				[ -130.72079467773438, 35.5364990234375, 226.08880615234375 ],
				[ -81.812103271484375, -13.43850040435791, 280.4010009765625 ],
				[ -77.288299560546875, 48.417098999023438, 332.10418701171875 ],
				[ -126.19699859619141, 97.391998291015625, 277.7921142578125 ],
				[ -193.33689880371094, 11.272500038146973, 260.59579467773438 ],
				[ -144.42820739746094, -37.702400207519531, 314.90798950195312 ],
				[ -139.90440368652344, 24.153099060058594, 366.6112060546875 ],
				[ -188.81309509277344, 73.127998352050781, 312.29910278320312 ]
			],
			"projected_cuboid": [
				[ 404.94430541992188, 690.89190673828125 ],
				[ 679.90289306640625, 493.9910888671875 ],
				[ 736.5863037109375, 679.95709228515625 ],
				[ 523.88592529296875, 876.56939697265625 ],
				[ 247.77310180664062, 581.526123046875 ],
				[ 519.7095947265625, 425.06369018554688 ],
				[ 593.6497802734375, 603.2467041015625 ],
				[ 379.59329223632812, 764.7935791015625 ]
			]
		}
	]
}