{
	"camera_data":
	{
		"location_worldframe": [ 114.19529724121094, 234.26190185546875, 245 ],
		"quaternion_xyzw_worldframe": [ 0.28839999437332153, 0.18379999697208405, -0.83350002765655518, 0.43389999866485596 ]
	},
	"objects": [
		{
			"class": "SM_Sofa",
			"instance_id": 0,
			"visibility": 0.65310001373291016,
			"location": [ 57.721500396728516, -25.122699737548828, 357.54098510742188 ],
			"quaternion_xyzw": [ 0.18379999697208405, 0.83350002765655518, 0.28839999437332153, 0.43389999866485596 ],
			"pose_transform": [
				[ 0.82940000295639038, 0.321399986743927, -0.45699998736381531, 0 ],
				[ -0.555899977684021, 0.55669999122619629, -0.61729997396469116, 0 ],
				[ -0.056000001728534698, -0.76609998941421509, -0.64029997587203979, 0 ],
				[ 57.721500396728516, -25.122699737548828, 357.54098510742188, 1 ]
			],
			"cuboid_centroid": [ 57.721500396728516, -25.122699737548828, 357.54098510742188 ],
			"projected_cuboid_centroid": [ 1114.9827880859375, 472.54541015625 ],
			"bounding_box":
			{
				"top_left": [ 280.6990966796875, 772.43377685546875 ],
				"bottom_right": [ 779.0244140625, 1546.607177734375 ]
			},
			"cuboid": [
				[ 135.86259460449219, 14.843700408935547, 242.20730590820312 ],
				[ 191.4613037109375, -40.8302001953125, 303.948486328125 ],
				[ 195.81520080566406, 18.702699661254883, 353.71038818359375 ],
				[ 140.21650695800781, 74.376602172851562, 291.96920776367188 ],
				[ -80.372299194335938, -68.948097229003906, 361.3717041015625 ],
				[ -24.773599624633789, -124.62200164794922, 423.1129150390625 ],
				[ -20.419700622558594, -65.089103698730469, 472.87478637695312 ],
				[ -76.018402099609375, -9.4152002334594727, 411.13360595703125 ]
			],
			"projected_cuboid": [
				[ 1498.4984130859375, 598.83380126953125 ],
				[ 1564.7176513671875, 411.04071044921875 ],
				[ 1491.4593505859375, 590.76092529296875 ],
				[ 1421.0350341796875, 784.55181884765625 ],
				[ 746.48779296875, 356.83621215820312 ],
				[ 903.7916259765625, 257.24530029296875 ],
				[ 918.54559326171875, 407.86029052734375 ],
				[ 782.49700927734375, 518.015380859375 ]
			]
		},
		{
			"class": "SM_Armchair",
			"instance_id": 0,
			"visibility": 0.61619997024536133,
			"location": [ -191.53750610351562, -12.07960033416748, 351.78750610351562 ],
			"quaternion_xyzw": [ 0.34070000052452087, 0.1632000058889389, 0.029799999669194221, 0.9254000186920166 ],
			"pose_transform": [
				[ 0.32229998707771301, -0.62089997529983521, 0.71460002660751343, 0 ],
				[ 0.94499999284744263, 0.1664000004529953, -0.28169998526573181, 0 ],
				[ -0.056000001728534698, -0.76609998941421509, -0.64029997587203979, 0 ],
				[ -191.53750610351562, -12.07960033416748, 351.78750610351562, 1 ]
			],
			"cuboid_centroid": [ -191.53750610351562, -12.07960033416748, 351.78750610351562 ],
			"projected_cuboid_centroid": [ 437.309814453125, 507.03549194335938 ],
			"bounding_box":
			{
				"top_left": [ 359.49200439453125, 219.03329467773438 ],
				"bottom_right": [ 669.31341552734375, 616.23651123046875 ]
			},
			"cuboid": [
				[ -140.06280517578125, -59.127601623535156, 340.51959228515625 ],
				[ -223.2012939453125, -73.763099670410156, 365.30319213867188 ],
				[ -218.67739868164062, -11.907600402832031, 417.00650024414062 ],
				[ -135.53900146484375, 2.7279999256134033, 392.222900390625 ],
				[ -164.39759826660156, -12.251700401306152, 286.568603515625 ],
				[ -247.53599548339844, -26.887199401855469, 311.35211181640625 ],
				[ -243.01220703125, 34.968299865722656, 363.05538940429688 ],
				[ -159.87379455566406, 49.603801727294922, 338.27178955078125 ]
			],
			"projected_cuboid": [
				[ 565.13238525390625, 373.30621337890625 ],
				[ 373.43789672851562, 346.15380859375 ],
				[ 456.57809448242188, 512.58721923828125 ],
				[ 628.2567138671875, 546.67681884765625 ],
				[ 409.27108764648438, 498.9569091796875 ],
				[ 196.76629638671875, 457.09768676757812 ],
				[ 317.4215087890625, 632.46392822265625 ],
				[ 506.28579711914062, 680.77337646484375 ]
			]
		},
		{
			"class": "SM_Coffe_Table_2",
			"instance_id": 0,
			"visibility": 0.9375,
			"location": [ 18.176700592041016, 38.851200103759766, 299.76800537109375 ],
			"quaternion_xyzw": [ 0.18379999697208405, 0.83350002765655518, 0.28839999437332153, 0.43389999866485596 ],
			"pose_transform": [
				[ 0.82940000295639038, 0.321399986743927, -0.45699998736381531, 0 ],
				[ -0.555899977684021, 0.55669999122619629, -0.61729997396469116, 0 ],
				[ -0.056000001728534698, -0.76609998941421509, -0.64029997587203979, 0 ],
				[ 18.176700592041016, 38.851200103759766, 299.76800537109375, 1 ]
			],
			"cuboid_centroid": [ 18.176700592041016, 38.851200103759766, 299.76800537109375 ],
			"projected_cuboid_centroid": [ 1018.2108154296875, 664.419921875 ],
			"bounding_box":
			{
				"top_left": [ 552.03582763671875, 915.61322021484375 ],
				"bottom_right": [ 779.12298583984375, 1122.7537841796875 ]
			},
			"cuboid": [
				[ 24.96150016784668, 49.196701049804688, 256.32638549804688 ],
				[ 56.987300872802734, 17.127599716186523, 291.8905029296875 ],
				[ 59.173599243164062, 47.021198272705078, 316.877685546875 ],
				[ 27.147699356079102, 79.090400695800781, 281.3135986328125 ],
				[ -22.820199966430664, 30.68120002746582, 282.65829467773438 ],
				[ 9.2055997848510742, -1.3880000114440918, 318.222412109375 ],
				[ 11.391900062561035, 28.505599975585938, 343.2095947265625 ],
				[ -20.634000778198242, 60.574798583984375, 307.6455078125 ]
			],
			"projected_cuboid": [
				[ 1053.486572265625, 724.2529296875 ],
				[ 1147.4261474609375, 596.33087158203125 ],
				[ 1139.2703857421875, 682.4534912109375 ],
				[ 1052.6435546875, 809.90081787109375 ],
				[ 882.49542236328125, 644.20330810546875 ],
				[ 987.7716064453125, 535.8126220703125 ],
				[ 991.86480712890625, 619.73370361328125 ],
				[ 895.61260986328125, 729.02197265625 ]
			]
		},
		{
			"class": "SM_Opened_Book",
			"instance_id": 0,
			"visibility": 0.74629998207092285,
			"location": [ -15.024499893188477, 3.9530000686645508, 329.91061401367188 ],
			"quaternion_xyzw": [ 0.7872999906539917, 0.2215999960899353, 0.090199999511241913, 0.56830000877380371 ],
			"pose_transform": [
				[ 0.39399999380111694, -0.85479998588562012, -0.33779999613761902, 0 ],
				[ 0.88550001382827759, 0.45149999856948853, -0.10980000346899033, 0 ],
				[ -0.24639999866485596, 0.25589999556541443, -0.93480002880096436, 0 ],
				[ -15.024499893188477, 3.9530000686645508, 329.91061401367188, 1 ]
			],
			"cuboid_centroid": [ -15.024499893188477, 3.9530000686645508, 329.91061401367188 ],
			"projected_cuboid_centroid": [ 916.28118896484375, 551.5028076171875 ],
			"bounding_box":
			{
				"top_left": [ 484.66360473632812, 867.0830078125 ],
				"bottom_right": [ 612.7484130859375, 971.93218994140625 ]
			},
			"cuboid": [
				[ 2.583899974822998, -6.5704998970031738, 319.6199951171875 ],
				[ -18.613800048828125, -17.380199432373047, 322.24880981445312 ],
				[ -17.338399887084961, -18.704700469970703, 327.08749389648438 ],
				[ 3.8594000339508057, -7.894899845123291, 324.45880126953125 ],
				[ -12.71049976348877, 26.610700607299805, 332.73370361328125 ],
				[ -33.908298492431641, 15.800999641418457, 335.36248779296875 ],
				[ -32.632801055908203, 14.476499557495117, 340.20120239257812 ],
				[ -11.435099601745605, 25.286300659179688, 337.572509765625 ]
			],
			"projected_cuboid": [
				[ 967.76141357421875, 520.26507568359375 ],
				[ 904.548583984375, 488.22311401367188 ],
				[ 909.1124267578125, 485.10189819335938 ],
				[ 971.41937255859375, 516.640625 ],
				[ 923.32818603515625, 616.7769775390625 ],
				[ 862.9354248046875, 585.23150634765625 ],
				[ 867.91522216796875, 580.8507080078125 ],
				[ 927.48101806640625, 611.909912109375 ]
			]
		},
		{
			"class": "SM_Cup",
			"instance_id": 0,
			"visibility": 0,
			"location": [ 165.10110473632812, -15.030699729919434, 188.22000122070312 ],
			"quaternion_xyzw": [ -0.04960000142455101, -0.42010000348091125, -0.90560001134872437, 0.029799999669194221 ],
			"pose_transform": [
				[ 0.064800001680850983, 0.76389998197555542, 0.64209997653961182, 0 ],
				[ -0.99330002069473267, -0.012299999594688416, 0.11490000039339066, 0 ],
				[ -0.095700003206729889, 0.64520001411437988, -0.75800001621246338, 0 ],
				[ 165.10110473632812, -15.030699729919434, 188.22000122070312, 1 ]
			],
			"cuboid_centroid": [ 165.10110473632812, -15.030699729919434, 188.22000122070312 ],
			"projected_cuboid_centroid": [ 1802.0848388671875, 463.33749389648438 ],
			"bounding_box":
			{
				"top_left": [ 423.462890625, 1744.8392333984375 ],
				"bottom_right": [ 493.57888793945312, 1854.1212158203125 ]
			},
			"cuboid": [
				[ 157.52169799804688, -7.1434001922607422, 191.81840515136719 ],
				[ 173.10600280761719, -6.949699878692627, 190.01579284667969 ],
				[ 173.69679260253906, -10.932700157165527, 194.69509887695312 ],
				[ 158.11250305175781, -11.126500129699707, 196.49769592285156 ],
				[ 156.5054931640625, -19.128599166870117, 181.74479675292969 ],
				[ 172.08970642089844, -18.934900283813477, 179.94219970703125 ],
				[ 172.68049621582031, -22.917900085449219, 184.62150573730469 ],
				[ 157.09629821777344, -23.111700057983398, 186.4241943359375 ]
			],
			"projected_cuboid": [
				[ 1748.3543701171875, 504.2493896484375 ],
				[ 1834.568359375, 504.88900756835938 ],
				[ 1816.462158203125, 486.09320068359375 ],
				[ 1732.4674072265625, 485.64120483398438 ],
				[ 1786.6829833984375, 438.96029663085938 ],
				[ 1878.107177734375, 438.981689453125 ],
				[ 1857.909423828125, 420.83090209960938 ],
				[ 1768.9752197265625, 420.98550415039062 ]
			]
		},
		{
			"class": "SM_Coffe_Table_2",
			"instance_id": 0,
			"visibility": 0.94669997692108154,
			"location": [ -107.15840148925781, 46.438800811767578, 273.355712890625 ],
			"quaternion_xyzw": [ 0.18379999697208405, 0.83350002765655518, 0.28839999437332153, 0.43389999866485596 ],
			"pose_transform": [
				[ 0.82940000295639038, 0.321399986743927, -0.45699998736381531, 0 ],
				[ -0.555899977684021, 0.55669999122619629, -0.61729997396469116, 0 ],
				[ -0.056000001728534698, -0.76609998941421509, -0.64029997587203979, 0 ],
				[ -107.15840148925781, 46.438800811767578, 273.355712890625, 1 ]
			],
			"cuboid_centroid": [ -107.15840148925781, 46.438800811767578, 273.355712890625 ],
			"projected_cuboid_centroid": [ 583.669921875, 703.08880615234375 ],
			"bounding_box":
			{
				"top_left": [ 578.792724609375, 441.20559692382812 ],
				"bottom_right": [ 830.7042236328125, 701.99822998046875 ]
			},
			"cuboid": [
				[ -100.37359619140625, 56.784400939941406, 229.91400146484375 ],
				[ -68.347801208496094, 24.715200424194336, 265.47808837890625 ],
				[ -66.1614990234375, 54.608798980712891, 290.46530151367188 ],
				[ -98.187400817871094, 86.678001403808594, 254.90119934082031 ],
				[ -148.15530395507812, 38.268798828125, 256.24600219726562 ],
				[ -116.12950134277344, 6.1996002197265625, 291.80999755859375 ],
				[ -113.94319915771484, 36.09320068359375, 316.79730224609375 ],
				[ -145.96910095214844, 68.162399291992188, 281.23318481445312 ]
			],
			"projected_cuboid": [
				[ 540.89300537109375, 777.101806640625 ],
				[ 712.846923828125, 629.37310791015625 ],
				[ 741.33392333984375, 720.484375 ],
				[ 590.210693359375, 866.443603515625 ],
				[ 404.95120239257812, 683.37030029296875 ],
				[ 577.9564208984375, 560.3956298828125 ],
				[ 614.71502685546875, 649.3743896484375 ],
				[ 461.7294921875, 772.67498779296875 ]
			]
		},
		{
			"class": "SM_Armchair",
			"instance_id": 0,
			"visibility": 0.58139997720718384,
			"location": [ -160.60049438476562, 32.587100982666016, 293.68890380859375 ],
			"quaternion_xyzw": [ 0.18379999697208405, 0.83350002765655518, 0.28839999437332153, 0.43389999866485596 ],
			"pose_transform": [
				[ 0.82940000295639038, 0.321399986743927, -0.45699998736381531, 0 ],
				[ -0.555899977684021, 0.55669999122619629, -0.61729997396469116, 0 ],
				[ -0.056000001728534698, -0.76609998941421509, -0.64029997587203979, 0 ],
				[ -160.60049438476562, 32.587100982666016, 293.68890380859375, 1 ]
			],
			"cuboid_centroid": [ -160.60049438476562, 32.587100982666016, 293.68890380859375 ],
			"projected_cuboid_centroid": [ 435.03518676757812, 646.51959228515625 ],
			"bounding_box":
			{
				"top_left": [ 452.99951171875, 215.95750427246094 ],
				"bottom_right": [ 873.33099365234375, 651.33758544921875 ]
			},
			"cuboid": [
				[ -156.00869750976562, 38.278800964355469, 223.42770385742188 ],
				[ -107.09999847412109, -10.696100234985352, 277.73989868164062 ],
				[ -102.57620239257812, 51.159400939941406, 329.443115234375 ],
				[ -151.48489379882812, 100.13430023193359, 275.13101196289062 ],
				[ -218.62480163574219, 14.014800071716309, 257.9346923828125 ],
				[ -169.71609497070312, -34.960098266601562, 312.24688720703125 ],
				[ -165.19230651855469, 26.89539909362793, 363.95010375976562 ],
				[ -214.10110473632812, 75.870399475097656, 309.63800048828125 ]
			],
			"projected_cuboid": [
				[ 289.67898559570312, 704.47210693359375 ],
				[ 589.8123779296875, 503.02911376953125 ],
				[ 661.09259033203125, 689.07891845703125 ],
				[ 431.4320068359375, 889.39337158203125 ],
				[ 146.30690002441406, 592.16119384765625 ],
				[ 438.20999145507812, 432.5155029296875 ],
				[ 524.268798828125, 610.94268798828125 ],
				[ 296.20260620117188, 775.22802734375 ]
			]
		}
	]
}