{
	"camera_data":
	{
		"location_worldframe": [ 114.19529724121094, 234.26190185546875, 245 ],
		"quaternion_xyzw_worldframe": [ 0.28839999437332153, 0.18379999697208405, -0.83350002765655518, 0.43389999866485596 ]
	},
	"objects": [
		{
			"class": "SM_Sofa",
			"instance_id": 0,
			"visibility": 0.65310001373291016,
			"location": [ 57.721500396728516, -25.122699737548828, 357.54098510742188 ],
			"quaternion_xyzw": [ 0.18379999697208405, 0.83350002765655518, 0.28839999437332153, 0.43389999866485596 ],
			"pose_transform": [
				[ 0.82940000295639038, 0.321399986743927, -0.45699998736381531, 0 ],
				[ -0.555899977684021, 0.55669999122619629, -0.61729997396469116, 0 ],
				[ -0.056000001728534698, -0.76609998941421509, -0.64029997587203979, 0 ],
				[ 57.721500396728516, -25.122699737548828, 357.54098510742188, 1 ]
			],
			"cuboid_centroid": [ 57.721500396728516, -25.122699737548828, 357.54098510742188 ],
			"projected_cuboid_centroid": [ 1114.9827880859375, 472.54541015625 ],
			"bounding_box":
			{
				"top_left": [ 280.6990966796875, 772.43377685546875 ],
				"bottom_right": [ 779.0244140625, 1546.607177734375 ]
			},
			"cuboid": [
				[ 135.86259460449219, 14.843700408935547, 242.20730590820312 ],
				[ 191.4613037109375, -40.8302001953125, 303.948486328125 ],
				[ 195.81520080566406, 18.702699661254883, 353.71038818359375 ],
				[ 140.21650695800781, 74.376602172851562, 291.96920776367188 ],
				[ -80.372299194335938, -68.948097229003906, 361.3717041015625 ],
				[ -24.773599624633789, -124.62200164794922, 423.1129150390625 ],
				[ -20.419700622558594, -65.089103698730469, 472.87478637695312 ],
				[ -76.018402099609375, -9.4152002334594727, 411.13360595703125 ]
			],
			"projected_cuboid": [
				[ 1498.4984130859375, 598.83380126953125 ],
				[ 1564.7176513671875, 411.04071044921875 ],
				[ 1491.4593505859375, 590.76092529296875 ],
				[ 1421.0350341796875, 784.55181884765625 ],
				[ 746.48779296875, 356.83621215820312 ],
				[ 903.7916259765625, 257.24530029296875 ],
				[ 918.54559326171875, 407.86029052734375 ],
				[ 782.49700927734375, 518.015380859375 ]
			]
		},
		{
			"class": "SM_Armchair",
			"instance_id": 0,
			"visibility": 0.66670000553131104,
			"location": [ -190.75889587402344, -13.750699996948242, 353.5531005859375 ],
			"quaternion_xyzw": [ 0.34070000052452087, 0.1632000058889389, 0.029799999669194221, 0.9254000186920166 ],
			"pose_transform": [
				[ 0.32229998707771301, -0.62089997529983521, 0.71460002660751343, 0 ],
				[ 0.94499999284744263, 0.1664000004529953, -0.28169998526573181, 0 ],
				[ -0.056000001728534698, -0.76609998941421509, -0.64029997587203979, 0 ],
				[ -190.75889587402344, -13.750699996948242, 353.5531005859375, 1 ]
			],
			"cuboid_centroid": [ -190.75889587402344, -13.750699996948242, 353.5531005859375 ],
			"projected_cuboid_centroid": [ 442.03439331054688, 502.66268920898438 ],
			"bounding_box":
			{
				"top_left": [ 355.9053955078125, 225.49710083007812 ],
				"bottom_right": [ 663.968994140625, 619.69720458984375 ]
			},
			"cuboid": [
				[ -139.28419494628906, -60.798599243164062, 342.28518676757812 ],
				[ -222.422607421875, -75.434196472167969, 367.06878662109375 ],
				[ -217.8988037109375, -13.578700065612793, 418.7720947265625 ],
				[ -134.76040649414062, 1.0569000244140625, 393.98849487304688 ],
				[ -163.61900329589844, -13.922800064086914, 288.3341064453125 ],
				[ -246.75729370117188, -28.558300018310547, 313.11770629882812 ],
				[ -242.23359680175781, 33.297199249267578, 364.82101440429688 ],
				[ -159.0950927734375, 47.93280029296875, 340.03741455078125 ]
			],
			"projected_cuboid": [
				[ 569.35321044921875, 369.47930908203125 ],
				[ 378.29568481445312, 342.71578979492188 ],
				[ 460.48568725585938, 508.87188720703125 ],
				[ 631.640625, 542.5751953125 ],
				[ 415.23599243164062, 493.6444091796875 ],
				[ 203.4573974609375, 452.44180297851562 ],
				[ 322.58029174804688, 627.6190185546875 ],
				[ 510.83999633789062, 675.3245849609375 ]
			]
		},
		{
			"class": "SM_Coffe_Table_2",
			"instance_id": 0,
			"visibility": 0.91750001907348633,
			"location": [ 9.5431003570556641, 24.660100936889648, 317.68038940429688 ],
			"quaternion_xyzw": [ 0.18379999697208405, 0.83350002765655518, 0.28839999437332153, 0.43389999866485596 ],
			"pose_transform": [
				[ 0.82940000295639038, 0.321399986743927, -0.45699998736381531, 0 ],
				[ -0.555899977684021, 0.55669999122619629, -0.61729997396469116, 0 ],
				[ -0.056000001728534698, -0.76609998941421509, -0.64029997587203979, 0 ],
				[ 9.5431003570556641, 24.660100936889648, 317.68038940429688, 1 ]
			],
			"cuboid_centroid": [ 9.5431003570556641, 24.660100936889648, 317.68038940429688 ],
			"projected_cuboid_centroid": [ 988.838623046875, 614.52032470703125 ],
			"bounding_box":
			{
				"top_left": [ 509.89999389648438, 891.515380859375 ],
				"bottom_right": [ 720.98138427734375, 1085.3214111328125 ]
			},
			"cuboid": [
				[ 16.327899932861328, 35.005699157714844, 274.23880004882812 ],
				[ 48.353801727294922, 2.936500072479248, 309.80288696289062 ],
				[ 50.540000915527344, 32.830101013183594, 334.79010009765625 ],
				[ 18.51409912109375, 64.899299621582031, 299.22601318359375 ],
				[ -31.453800201416016, 16.490100860595703, 300.57080078125 ],
				[ 0.57209998369216919, -15.579099655151367, 336.13479614257812 ],
				[ 2.7583000659942627, 14.314499855041504, 361.12210083007812 ],
				[ -29.267599105834961, 46.383701324462891, 325.55801391601562 ]
			],
			"projected_cuboid": [
				[ 1017.1577758789062, 662.54071044921875 ],
				[ 1109.836181640625, 549.09930419921875 ],
				[ 1104.9222412109375, 634.13922119140625 ],
				[ 1019.3989868164062, 748.21478271484375 ],
				[ 859.5391845703125, 592.6680908203125 ],
				[ 961.63421630859375, 495.50601196289062 ],
				[ 967.3330078125, 578.05340576171875 ],
				[ 873.69659423828125, 676.775390625 ]
			]
		},
		{
			"class": "SM_Opened_Book",
			"instance_id": 0,
			"visibility": 1,
			"location": [ -32.711200714111328, 40.594100952148438, 217.14140319824219 ],
			"quaternion_xyzw": [ 0.7312999963760376, 0.17790000140666962, 0.19159999489784241, 0.62999999523162842 ],
			"pose_transform": [
				[ 0.50429999828338623, -0.85329997539520264, -0.13279999792575836, 0 ],
				[ 0.86330002546310425, 0.50150001049041748, 0.056099999696016312, 0 ],
				[ -0.018799999728798866, 0.1429000049829483, -0.98960000276565552, 0 ],
				[ -32.711200714111328, 40.594100952148438, 217.14140319824219, 1 ]
			],
			"cuboid_centroid": [ -32.711200714111328, 40.594100952148438, 217.14140319824219 ],
			"projected_cuboid_centroid": [ 815.3814697265625, 719.46978759765625 ],
			"bounding_box":
			{
				"top_left": [ 617.64520263671875, 730.19659423828125 ],
				"bottom_right": [ 811.84722900390625, 905.4486083984375 ]
			},
			"cuboid": [
				[ -12.637900352478027, 30.405899047851562, 212.67359924316406 ],
				[ -33.305801391601562, 18.399900436401367, 211.33110046386719 ],
				[ -33.208698272705078, 17.659999847412109, 216.45339965820312 ],
				[ -12.540800094604492, 29.666000366210938, 217.7958984375 ],
				[ -32.213699340820312, 63.528301239013672, 217.82929992675781 ],
				[ -52.881599426269531, 51.522201538085938, 216.48680114746094 ],
				[ -52.784400939941406, 50.782299041748047, 221.60910034179688 ],
				[ -32.116600036621094, 62.788299560546875, 222.95159912109375 ]
			],
			"projected_cuboid": [
				[ 902.95318603515625, 677.25091552734375 ],
				[ 808.70458984375, 623.58380126953125 ],
				[ 812.71551513671875, 618.32421875 ],
				[ 904.7230224609375, 670.761474609375 ],
				[ 818.03070068359375, 819.97650146484375 ],
				[ 725.49981689453125, 768.47271728515625 ],
				[ 731.3406982421875, 759.98651123046875 ],
				[ 821.71051025390625, 810.35821533203125 ]
			]
		},
		{
			"class": "SM_Cup",
			"instance_id": 0,
			"visibility": 0.41760000586509705,
			"location": [ 119.52639770507812, -71.885398864746094, 355.20480346679688 ],
			"quaternion_xyzw": [ -0.087999999523162842, -0.62540000677108765, -0.72289997339248657, 0.28040000796318054 ],
			"pose_transform": [
				[ -0.22349999845027924, 0.95349997282028198, 0.20239999890327454, 0 ],
				[ -0.82730001211166382, -0.29530000686645508, 0.47789999842643738, 0 ],
				[ -0.5153999924659729, 0.060600001364946365, -0.85479998588562012, 0 ],
				[ 119.52639770507812, -71.885398864746094, 355.20480346679688, 1 ]
			],
			"cuboid_centroid": [ 119.52639770507812, -71.885398864746094, 355.20480346679688 ],
			"projected_cuboid_centroid": [ 1283.0404052734375, 345.71759033203125 ],
			"bounding_box":
			{
				"top_left": [ 322.69610595703125, 1259.96044921875 ],
				"bottom_right": [ 369.34368896484375, 1308.306396484375 ]
			},
			"cuboid": [
				[ 109.69270324707031, -66.535202026367188, 357.90240478515625 ],
				[ 122.67259979248047, -61.902000427246094, 350.40509033203125 ],
				[ 125.85430145263672, -62.276298522949219, 355.68209838867188 ],
				[ 112.87429809570312, -66.909500122070312, 363.17950439453125 ],
				[ 113.19860076904297, -81.494598388671875, 354.72750854492188 ],
				[ 126.17849731445312, -76.861396789550781, 347.23019409179688 ],
				[ 129.360107421875, -77.235702514648438, 352.5072021484375 ],
				[ 116.38020324707031, -81.868896484375, 360.00448608398438 ]
			],
			"projected_cuboid": [
				[ 1254.2286376953125, 361.53311157226562 ],
				[ 1296.0848388671875, 370.40789794921875 ],
				[ 1299.68603515625, 371.91378784179688 ],
				[ 1258.3636474609375, 363.13681030273438 ],
				[ 1266.3499755859375, 319.45098876953125 ],
				[ 1308.850830078125, 327.49850463867188 ],
				[ 1312.293212890625, 329.66009521484375 ],
				[ 1270.3436279296875, 321.68569946289062 ]
			]
		},
		{
			"class": "SM_Coffe_Table_2",
			"instance_id": 0,
			"visibility": 0.93330001831054688,
			"location": [ -100.16359710693359, 12.232999801635742, 313.55569458007812 ],
			"quaternion_xyzw": [ 0.18379999697208405, 0.83350002765655518, 0.28839999437332153, 0.43389999866485596 ],
			"pose_transform": [
				[ 0.82940000295639038, 0.321399986743927, -0.45699998736381531, 0 ],
				[ -0.555899977684021, 0.55669999122619629, -0.61729997396469116, 0 ],
				[ -0.056000001728534698, -0.76609998941421509, -0.64029997587203979, 0 ],
				[ -100.16359710693359, 12.232999801635742, 313.55569458007812, 1 ]
			],
			"cuboid_centroid": [ -100.16359710693359, 12.232999801635742, 313.55569458007812 ],
			"projected_cuboid_centroid": [ 653.33392333984375, 577.45318603515625 ],
			"bounding_box":
			{
				"top_left": [ 472.73199462890625, 536.72900390625 ],
				"bottom_right": [ 684.17669677734375, 754.27410888671875 ]
			},
			"cuboid": [
				[ -93.378799438476562, 22.57859992980957, 270.11410522460938 ],
				[ -61.352901458740234, -9.4905996322631836, 305.67819213867188 ],
				[ -59.166599273681641, 20.402999877929688, 330.6654052734375 ],
				[ -91.192497253417969, 52.472198486328125, 295.10128784179688 ],
				[ -141.16050720214844, 4.0630002021789551, 296.44601440429688 ],
				[ -109.13459777832031, -28.006200790405273, 332.01010131835938 ],
				[ -106.94830322265625, 1.8874000310897827, 356.997314453125 ],
				[ -138.97419738769531, 33.956600189208984, 321.43319702148438 ]
			],
			"projected_cuboid": [
				[ 628.1273193359375, 620.2454833984375 ],
				[ 767.3179931640625, 510.194091796875 ],
				[ 788.2255859375, 599.23468017578125 ],
				[ 663.3402099609375, 710.69830322265625 ],
				[ 502.87149047851562, 553.15740966796875 ],
				[ 644.44012451171875, 459.02059936523438 ],
				[ 672.406005859375, 545.07537841796875 ],
				[ 544.9368896484375, 641.41558837890625 ]
			]
		},
		{
			"class": "SM_Armchair",
			"instance_id": 0,
			"visibility": 0.6622999906539917,
			"location": [ -163.29049682617188, 56.866199493408203, 266.5238037109375 ],
			"quaternion_xyzw": [ 0.18379999697208405, 0.83350002765655518, 0.28839999437332153, 0.43389999866485596 ],
			"pose_transform": [
				[ 0.82940000295639038, 0.321399986743927, -0.45699998736381531, 0 ],
				[ -0.555899977684021, 0.55669999122619629, -0.61729997396469116, 0 ],
				[ -0.056000001728534698, -0.76609998941421509, -0.64029997587203979, 0 ],
				[ -163.29049682617188, 56.866199493408203, 266.5238037109375, 1 ]
			],
			"cuboid_centroid": [ -163.29049682617188, 56.866199493408203, 266.5238037109375 ],
			"projected_cuboid_centroid": [ 371.839599609375, 744.82781982421875 ],
			"bounding_box":
			{
				"top_left": [ 527.03338623046875, 123.18840026855469 ],
				"bottom_right": [ 1002.3767700195312, 615.287109375 ]
			},
			"cuboid": [
				[ -158.69869995117188, 62.55780029296875, 196.26260375976562 ],
				[ -109.79000091552734, 13.582900047302246, 250.57479858398438 ],
				[ -105.26619720458984, 75.438499450683594, 302.27801513671875 ],
				[ -154.17489624023438, 124.41339874267578, 247.96589660644531 ],
				[ -221.31480407714844, 38.293899536132812, 230.76960754394531 ],
				[ -172.40609741210938, -10.680999755859375, 285.081787109375 ],
				[ -167.88229370117188, 51.17449951171875, 336.78500366210938 ],
				[ -216.79100036621094, 100.14939880371094, 282.472900390625 ]
			],
			"projected_cuboid": [
				[ 183.74090576171875, 845.99560546875 ],
				[ 539.37420654296875, 592.0386962890625 ],
				[ 625.68731689453125, 779.58367919921875 ],
				[ 363.11221313476562, 1021.6661987304688 ],
				[ 39.332298278808594, 699.302001953125 ],
				[ 379.4307861328125, 504.03189086914062 ],
				[ 481.45480346679688, 685.87188720703125 ],
				[ 223.2239990234375, 880.36322021484375 ]
			]
		}
	]
}