{
	"camera_data":
	{
		"location_worldframe": [ 114.19529724121094, 234.26190185546875, 245 ],
		"quaternion_xyzw_worldframe": [ 0.28839999437332153, 0.18379999697208405, -0.83350002765655518, 0.43389999866485596 ]
	},
	"objects": [
		{
			"class": "SM_Sofa",
			"instance_id": 0,
			"visibility": 0.64289999008178711,
			"location": [ 57.721500396728516, -25.122699737548828, 357.54098510742188 ],
			"quaternion_xyzw": [ 0.18379999697208405, 0.83350002765655518, 0.28839999437332153, 0.43389999866485596 ],
			"pose_transform": [
				[ 0.82940000295639038, 0.321399986743927, -0.45699998736381531, 0 ],
				[ -0.555899977684021, 0.55669999122619629, -0.61729997396469116, 0 ],
				[ -0.056000001728534698, -0.76609998941421509, -0.64029997587203979, 0 ],
				[ 57.721500396728516, -25.122699737548828, 357.54098510742188, 1 ]
			],
			"cuboid_centroid": [ 57.721500396728516, -25.122699737548828, 357.54098510742188 ],
			"projected_cuboid_centroid": [ 1114.9827880859375, 472.54541015625 ],
			"bounding_box":
			{
				"top_left": [ 280.6990966796875, 772.43377685546875 ],
				"bottom_right": [ 779.0244140625, 1546.607177734375 ]
			},
			"cuboid": [
				[ 135.86259460449219, 14.843700408935547, 242.20730590820312 ],
				[ 191.4613037109375, -40.8302001953125, 303.948486328125 ],
				[ 195.81520080566406, 18.702699661254883, 353.71038818359375 ],
				[ 140.21650695800781, 74.376602172851562, 291.96920776367188 ],
				[ -80.372299194335938, -68.948097229003906, 361.3717041015625 ],
				[ -24.773599624633789, -124.62200164794922, 423.1129150390625 ],
				[ -20.419700622558594, -65.089103698730469, 472.87478637695312 ],
				[ -76.018402099609375, -9.4152002334594727, 411.13360595703125 ]
			],
			"projected_cuboid": [
				[ 1498.4984130859375, 598.83380126953125 ],
				[ 1564.7176513671875, 411.04071044921875 ],
				[ 1491.4593505859375, 590.76092529296875 ],
				[ 1421.0350341796875, 784.55181884765625 ],
				[ 746.48779296875, 356.83621215820312 ],
				[ 903.7916259765625, 257.24530029296875 ],
				[ 918.54559326171875, 407.86029052734375 ],
				[ 782.49700927734375, 518.015380859375 ]
			]
		},
		{
			"class": "SM_Armchair",
			"instance_id": 0,
			"visibility": 0.5656999945640564,
			"location": [ -192.62739562988281, -9.3147001266479492, 348.152099609375 ],
			"quaternion_xyzw": [ 0.34070000052452087, 0.1632000058889389, 0.029799999669194221, 0.9254000186920166 ],
			"pose_transform": [
				[ 0.32229998707771301, -0.62089997529983521, 0.71460002660751343, 0 ],
				[ 0.94499999284744263, 0.1664000004529953, -0.28169998526573181, 0 ],
				[ -0.056000001728534698, -0.76609998941421509, -0.64029997587203979, 0 ],
				[ -192.62739562988281, -9.3147001266479492, 348.152099609375, 1 ]
			],
			"cuboid_centroid": [ -192.62739562988281, -9.3147001266479492, 348.152099609375 ],
			"projected_cuboid_centroid": [ 428.84671020507812, 514.3153076171875 ],
			"bounding_box":
			{
				"top_left": [ 365.152099609375, 207.07090759277344 ],
				"bottom_right": [ 678.57159423828125, 610.28802490234375 ]
			},
			"cuboid": [
				[ -141.15269470214844, -56.362598419189453, 336.88418579101562 ],
				[ -224.29110717773438, -70.998199462890625, 361.66778564453125 ],
				[ -219.76730346679688, -9.1427001953125, 413.37100219726562 ],
				[ -136.62890625, 5.4928998947143555, 388.58749389648438 ],
				[ -165.48750305175781, -9.4868001937866211, 282.93310546875 ],
				[ -248.62590026855469, -24.122299194335938, 307.71670532226562 ],
				[ -244.10209655761719, 37.733200073242188, 359.42001342773438 ],
				[ -160.96369934082031, 52.368801116943359, 334.63641357421875 ]
			],
			"projected_cuboid": [
				[ 557.765625, 379.38650512695312 ],
				[ 364.64898681640625, 351.54440307617188 ],
				[ 449.61968994140625, 518.7672119140625 ],
				[ 622.4605712890625, 553.57000732421875 ],
				[ 398.49679565429688, 507.81109619140625 ],
				[ 184.34930419921875, 464.74420166015625 ],
				[ 308.0111083984375, 640.78411865234375 ],
				[ 498.2301025390625, 690.234619140625 ]
			]
		},
		{
			"class": "SM_Coffe_Table_2",
			"instance_id": 0,
			"visibility": 0.91750001907348633,
			"location": [ -4.3243999481201172, 19.411899566650391, 324.64910888671875 ],
			"quaternion_xyzw": [ 0.18379999697208405, 0.83350002765655518, 0.28839999437332153, 0.43389999866485596 ],
			"pose_transform": [
				[ 0.82940000295639038, 0.321399986743927, -0.45699998736381531, 0 ],
				[ -0.555899977684021, 0.55669999122619629, -0.61729997396469116, 0 ],
				[ -0.056000001728534698, -0.76609998941421509, -0.64029997587203979, 0 ],
				[ -4.3243999481201172, 19.411899566650391, 324.64910888671875, 1 ]
			],
			"cuboid_centroid": [ -4.3243999481201172, 19.411899566650391, 324.64910888671875 ],
			"projected_cuboid_centroid": [ 947.21319580078125, 597.40179443359375 ],
			"bounding_box":
			{
				"top_left": [ 495.50430297851562, 851.1416015625 ],
				"bottom_right": [ 700.98040771484375, 1039.33935546875 ]
			},
			"cuboid": [
				[ 2.4604001045227051, 29.757499694824219, 281.20748901367188 ],
				[ 34.486301422119141, -2.3117001056671143, 316.7716064453125 ],
				[ 36.672599792480469, 27.581899642944336, 341.75869750976562 ],
				[ 4.6466999053955078, 59.651100158691406, 306.1947021484375 ],
				[ -45.321300506591797, 11.241900444030762, 307.53939819335938 ],
				[ -13.29539966583252, -20.827299118041992, 343.10348510742188 ],
				[ -11.109100341796875, 9.0663003921508789, 368.0906982421875 ],
				[ -43.134998321533203, 41.135501861572266, 332.526611328125 ]
			],
			"projected_cuboid": [
				[ 968.3997802734375, 641.58770751953125 ],
				[ 1064.5137939453125, 532.99432373046875 ],
				[ 1063.0135498046875, 617.47760009765625 ],
				[ 974.5689697265625, 727.02191162109375 ],
				[ 818.5277099609375, 575.09222412109375 ],
				[ 922.79998779296875, 481.72549438476562 ],
				[ 931.0272216796875, 563.6455078125 ],
				[ 835.47021484375, 658.7578125 ]
			]
		},
		{
			"class": "SM_Opened_Book",
			"instance_id": 0,
			"visibility": 1,
			"location": [ 41.892101287841797, 11.809300422668457, 174.960693359375 ],
			"quaternion_xyzw": [ -0.2231999933719635, 0.20170000195503235, -0.43189999461174011, 0.85030001401901245 ],
			"pose_transform": [
				[ 0.53589999675750732, 0.20530000329017639, 0.8190000057220459, 0 ],
				[ 0.54559999704360962, -0.82450002431869507, -0.15019999444484711, 0 ],
				[ -0.64440000057220459, -0.52730000019073486, 0.55379998683929443, 0 ],
				[ 41.892101287841797, 11.809300422668457, 174.960693359375, 1 ]
			],
			"cuboid_centroid": [ 41.892101287841797, 11.809300422668457, 174.960693359375 ],
			"projected_cuboid_centroid": [ 1189.8599853515625, 604.796875 ],
			"bounding_box":
			{
				"top_left": [ 525.719970703125, 1109.1131591796875 ],
				"bottom_right": [ 676.41119384765625, 1270.44384765625 ]
			},
			"cuboid": [
				[ 57.155101776123047, 4.5606999397277832, 190.49110412597656 ],
				[ 44.094501495361328, 24.298799514770508, 194.08810424804688 ],
				[ 47.430000305175781, 27.028299331665039, 191.22129821777344 ],
				[ 60.4906005859375, 7.2902998924255371, 187.62440490722656 ],
				[ 36.354099273681641, -3.4098000526428223, 158.69999694824219 ],
				[ 23.293500900268555, 16.32819938659668, 162.2969970703125 ],
				[ 26.629100799560547, 19.05780029296875, 159.43020629882812 ],
				[ 39.689701080322266, -0.68019998073577881, 155.83329772949219 ]
			],
			"projected_cuboid": [
				[ 1248.0394287109375, 562.98431396484375 ],
				[ 1178.100830078125, 660.18670654296875 ],
				[ 1198.1162109375, 675.6917724609375 ],
				[ 1269.5069580078125, 577.301513671875 ],
				[ 1179.9119873046875, 519.37371826171875 ],
				[ 1097.7838134765625, 636.5830078125 ],
				[ 1120.345947265625, 654.7554931640625 ],
				[ 1204.505859375, 535.80950927734375 ]
			]
		},
		{
			"class": "SM_Cup",
			"instance_id": 0,
			"visibility": 1,
			"location": [ 27.068700790405273, 143.12510681152344, 283.89761352539062 ],
			"quaternion_xyzw": [ -0.7247999906539917, -0.65410000085830688, 0.054600000381469727, 0.20919999480247498 ],
			"pose_transform": [
				[ -0.35289999842643738, 0.23170000314712524, -0.90649998188018799, 0 ],
				[ 0.13819999992847443, 0.97109997272491455, 0.19449999928474426, 0 ],
				[ -0.9254000186920166, 0.056699998676776886, 0.37470000982284546, 0 ],
				[ 27.068700790405273, 143.12510681152344, 283.89761352539062, 1 ]
			],
			"cuboid_centroid": [ 27.068700790405273, 143.12510681152344, 283.89761352539062 ],
			"projected_cuboid_centroid": [ 1051.533203125, 1023.9776000976562 ],
			"bounding_box":
			{
				"top_left": [ 993.2540283203125, 1035.6563720703125 ],
				"bottom_right": [ 1056.2919921875, 1069.4451904296875 ]
			},
			"cuboid": [
				[ 22.52869987487793, 152.7362060546875, 279.46829223632812 ],
				[ 20.359800338745117, 137.5, 276.41751098632812 ],
				[ 26.072599411010742, 137.14990234375, 274.10430908203125 ],
				[ 28.241500854492188, 152.38619995117188, 277.15499877929688 ],
				[ 28.064899444580078, 149.10029602050781, 293.69100952148438 ],
				[ 25.895900726318359, 133.86399841308594, 290.64019775390625 ],
				[ 31.608800888061523, 133.51400756835938, 288.32699584960938 ],
				[ 33.777698516845703, 148.75019836425781, 291.3778076171875 ]
			],
			"projected_cuboid": [
				[ 1037.388427734375, 1064.6634521484375 ],
				[ 1030.7098388671875, 1017.5383911132812 ],
				[ 1051.3148193359375, 1020.3424072265625 ],
				[ 1057.8223876953125, 1067.829833984375 ],
				[ 1051.737060546875, 1027.3702392578125 ],
				[ 1045.5360107421875, 982.15997314453125 ],
				[ 1065.243408203125, 984.54180908203125 ],
				[ 1071.287353515625, 1030.086181640625 ]
			]
		},
		{
			"class": "SM_Coffe_Table_2",
			"instance_id": 0,
			"visibility": 0.18000000715255737,
			"location": [ -169.71580505371094, 20.407199859619141, 310.45919799804688 ],
			"quaternion_xyzw": [ 0.18379999697208405, 0.83350002765655518, 0.28839999437332153, 0.43389999866485596 ],
			"pose_transform": [
				[ 0.82940000295639038, 0.321399986743927, -0.45699998736381531, 0 ],
				[ -0.555899977684021, 0.55669999122619629, -0.61729997396469116, 0 ],
				[ -0.056000001728534698, -0.76609998941421509, -0.64029997587203979, 0 ],
				[ -169.71580505371094, 20.407199859619141, 310.45919799804688, 1 ]
			],
			"cuboid_centroid": [ -169.71580505371094, 20.407199859619141, 310.45919799804688 ],
			"projected_cuboid_centroid": [ 435.206298828125, 603.10272216796875 ],
			"bounding_box":
			{
				"top_left": [ 496.51290893554688, 298.29299926757812 ],
				"bottom_right": [ 711.75189208984375, 548.216796875 ]
			},
			"cuboid": [
				[ -162.93099975585938, 30.752799987792969, 267.01760864257812 ],
				[ -130.90510559082031, -1.3164000511169434, 302.58169555664062 ],
				[ -128.71890258789062, 28.577199935913086, 327.56890869140625 ],
				[ -160.74470520019531, 60.646400451660156, 292.00479125976562 ],
				[ -210.71270751953125, 12.237199783325195, 293.3494873046875 ],
				[ -178.68679809570312, -19.832000732421875, 328.91360473632812 ],
				[ -176.50059509277344, 10.061599731445312, 353.90078735351562 ],
				[ -208.52650451660156, 42.13079833984375, 318.33670043945312 ]
			],
			"projected_cuboid": [
				[ 374.2196044921875, 650.56427001953125 ],
				[ 544.677978515625, 535.82318115234375 ],
				[ 582.76641845703125, 623.75048828125 ],
				[ 431.533203125, 739.38189697265625 ],
				[ 270.43328857421875, 580.0465087890625 ],
				[ 438.46719360351562, 482.1160888671875 ],
				[ 481.220703125, 567.293212890625 ],
				[ 331.15249633789062, 667.052490234375 ]
			]
		},
		{
			"class": "SM_Armchair",
			"instance_id": 0,
			"visibility": 0.571399986743927,
			"location": [ -176.60580444335938, 29.235200881958008, 300.2637939453125 ],
			"quaternion_xyzw": [ 0.18379999697208405, 0.83350002765655518, 0.28839999437332153, 0.43389999866485596 ],
			"pose_transform": [
				[ 0.82940000295639038, 0.321399986743927, -0.45699998736381531, 0 ],
				[ -0.555899977684021, 0.55669999122619629, -0.61729997396469116, 0 ],
				[ -0.056000001728534698, -0.76609998941421509, -0.64029997587203979, 0 ],
				[ -176.60580444335938, 29.235200881958008, 300.2637939453125, 1 ]
			],
			"cuboid_centroid": [ -176.60580444335938, 29.235200881958008, 300.2637939453125 ],
			"projected_cuboid_centroid": [ 395.35870361328125, 633.47039794921875 ],
			"bounding_box":
			{
				"top_left": [ 444.45028686523438, 178.48030090332031 ],
				"bottom_right": [ 854.31878662109375, 611.8782958984375 ]
			},
			"cuboid": [
				[ -172.01400756835938, 34.926898956298828, 230.00259399414062 ],
				[ -123.10520172119141, -14.048000335693359, 284.31478881835938 ],
				[ -118.58139801025391, 47.807498931884766, 336.01800537109375 ],
				[ -167.49020385742188, 96.782402038574219, 281.70590209960938 ],
				[ -234.63009643554688, 10.662899971008301, 264.50961303710938 ],
				[ -185.72140502929688, -38.312000274658203, 318.82180786132812 ],
				[ -181.19760131835938, 23.543500900268555, 370.52499389648438 ],
				[ -230.10629272460938, 72.518501281738281, 316.212890625 ]
			],
			"projected_cuboid": [
				[ 242.03739929199219, 685.78009033203125 ],
				[ 544.330810546875, 492.56619262695312 ],
				[ 621.21441650390625, 676.58551025390625 ],
				[ 389.22579956054688, 869.81597900390625 ],
				[ 108.44409942626953, 578.69940185546875 ],
				[ 400.77740478515625, 424.63919067382812 ],
				[ 490.53250122070312, 600.99932861328125 ],
				[ 261.41400146484375, 760.16082763671875 ]
			]
		}
	]
}