{
	"camera_data":
	{
		"location_worldframe": [ 114.19529724121094, 234.26190185546875, 245 ],
		"quaternion_xyzw_worldframe": [ 0.28839999437332153, 0.18379999697208405, -0.83350002765655518, 0.43389999866485596 ]
	},
	"objects": [
		{
			"class": "SM_Sofa",
			"instance_id": 0,
			"visibility": 0.60199999809265137,
			"location": [ 57.721500396728516, -25.122699737548828, 357.54098510742188 ],
			"quaternion_xyzw": [ 0.18379999697208405, 0.83350002765655518, 0.28839999437332153, 0.43389999866485596 ],
			"pose_transform": [
				[ 0.82940000295639038, 0.321399986743927, -0.45699998736381531, 0 ],
				[ -0.555899977684021, 0.55669999122619629, -0.61729997396469116, 0 ],
				[ -0.056000001728534698, -0.76609998941421509, -0.64029997587203979, 0 ],
				[ 57.721500396728516, -25.122699737548828, 357.54098510742188, 1 ]
			],
			"cuboid_centroid": [ 57.721500396728516, -25.122699737548828, 357.54098510742188 ],
			"projected_cuboid_centroid": [ 1114.9827880859375, 472.54541015625 ],
			"bounding_box":
			{
				"top_left": [ 280.6990966796875, 772.43377685546875 ],
				"bottom_right": [ 779.0244140625, 1546.607177734375 ]
			},
			"cuboid": [
				[ 135.86259460449219, 14.843700408935547, 242.20730590820312 ],
				[ 191.4613037109375, -40.8302001953125, 303.948486328125 ],
				[ 195.81520080566406, 18.702699661254883, 353.71038818359375 ],
				[ 140.21650695800781, 74.376602172851562, 291.96920776367188 ],
				[ -80.372299194335938, -68.948097229003906, 361.3717041015625 ],
				[ -24.773599624633789, -124.62200164794922, 423.1129150390625 ],
				[ -20.419700622558594, -65.089103698730469, 472.87478637695312 ],
				[ -76.018402099609375, -9.4152002334594727, 411.13360595703125 ]
			],
			"projected_cuboid": [
				[ 1498.4984130859375, 598.83380126953125 ],
				[ 1564.7176513671875, 411.04071044921875 ],
				[ 1491.4593505859375, 590.76092529296875 ],
				[ 1421.0350341796875, 784.55181884765625 ],
				[ 746.48779296875, 356.83621215820312 ],
				[ 903.7916259765625, 257.24530029296875 ],
				[ 918.54559326171875, 407.86029052734375 ],
				[ 782.49700927734375, 518.015380859375 ]
			]
		},
		{
			"class": "SM_Armchair",
			"instance_id": 0,
			"visibility": 0.91920000314712524,
			"location": [ -183.48800659179688, -27.471200942993164, 368.80868530273438 ],
			"quaternion_xyzw": [ 0.34070000052452087, 0.1632000058889389, 0.029799999669194221, 0.9254000186920166 ],
			"pose_transform": [
				[ 0.32229998707771301, -0.62089997529983521, 0.71460002660751343, 0 ],
				[ 0.94499999284744263, 0.1664000004529953, -0.28169998526573181, 0 ],
				[ -0.056000001728534698, -0.76609998941421509, -0.64029997587203979, 0 ],
				[ -183.48800659179688, -27.471200942993164, 368.80868530273438, 1 ]
			],
			"cuboid_centroid": [ -183.48800659179688, -27.471200942993164, 368.80868530273438 ],
			"projected_cuboid_centroid": [ 482.38558959960938, 468.49310302734375 ],
			"bounding_box":
			{
				"top_left": [ 328.17239379882812, 280.05828857421875 ],
				"bottom_right": [ 621.91021728515625, 649.89312744140625 ]
			},
			"cuboid": [
				[ -132.0133056640625, -74.519096374511719, 357.54080200195312 ],
				[ -215.15179443359375, -89.154701232910156, 382.32440185546875 ],
				[ -210.62789916992188, -27.299200057983398, 434.0277099609375 ],
				[ -127.48960113525391, -12.663599967956543, 409.24411010742188 ],
				[ -156.34809875488281, -27.643199920654297, 303.58969116210938 ],
				[ -239.48649597167969, -42.278800964355469, 328.373291015625 ],
				[ -234.96270751953125, 19.576700210571289, 380.07659912109375 ],
				[ -151.82429504394531, 34.212299346923828, 355.29299926757812 ]
			],
			"projected_cuboid": [
				[ 605.54351806640625, 339.9154052734375 ],
				[ 419.76370239257812, 316.13629150390625 ],
				[ 494.12490844726562, 479.61849975585938 ],
				[ 660.9368896484375, 510.29379272460938 ],
				[ 465.60220336914062, 452.58749389648438 ],
				[ 259.8612060546875, 416.397705078125 ],
				[ 366.5299072265625, 589.4468994140625 ],
				[ 549.771728515625, 632.44140625 ]
			]
		},
		{
			"class": "SM_Coffe_Table_2",
			"instance_id": 0,
			"visibility": 0.88660001754760742,
			"location": [ 30.477100372314453, 36.059799194335938, 302.45318603515625 ],
			"quaternion_xyzw": [ 0.18379999697208405, 0.83350002765655518, 0.28839999437332153, 0.43389999866485596 ],
			"pose_transform": [
				[ 0.82940000295639038, 0.321399986743927, -0.45699998736381531, 0 ],
				[ -0.555899977684021, 0.55669999122619629, -0.61729997396469116, 0 ],
				[ -0.056000001728534698, -0.76609998941421509, -0.64029997587203979, 0 ],
				[ 30.477100372314453, 36.059799194335938, 302.45318603515625, 1 ]
			],
			"cuboid_centroid": [ 30.477100372314453, 36.059799194335938, 302.45318603515625 ],
			"projected_cuboid_centroid": [ 1056.73583984375, 654.455322265625 ],
			"bounding_box":
			{
				"top_left": [ 543.37701416015625, 955.947021484375 ],
				"bottom_right": [ 767.77630615234375, 1162.783203125 ]
			},
			"cuboid": [
				[ 37.261798858642578, 46.405399322509766, 259.0115966796875 ],
				[ 69.287696838378906, 14.336199760437012, 294.57571411132812 ],
				[ 71.4739990234375, 44.229801177978516, 319.56289672851562 ],
				[ 39.448101043701172, 76.299003601074219, 283.99880981445312 ],
				[ -10.519900321960449, 27.889799118041992, 285.343505859375 ],
				[ 21.506000518798828, -4.1793999671936035, 320.9075927734375 ],
				[ 23.692300796508789, 25.714199066162109, 345.89480590820312 ],
				[ -8.3336000442504883, 57.783401489257812, 310.3306884765625 ]
			],
			"projected_cuboid": [
				[ 1098.1075439453125, 711.9967041015625 ],
				[ 1185.8038330078125, 586.72052001953125 ],
				[ 1174.715576171875, 672.87091064453125 ],
				[ 1093.3465576171875, 797.9132080078125 ],
				[ 924.6077880859375, 633.8314208984375 ],
				[ 1024.3360595703125, 527.4971923828125 ],
				[ 1025.7562255859375, 611.36749267578125 ],
				[ 934.2205810546875, 718.75140380859375 ]
			]
		},
		{
			"class": "SM_Opened_Book",
			"instance_id": 0,
			"visibility": 1,
			"location": [ 46.188301086425781, -25.528600692749023, 258.1455078125 ],
			"quaternion_xyzw": [ -0.062700003385543823, 0.85970002412796021, -0.49900001287460327, -0.08919999748468399 ],
			"pose_transform": [
				[ -0.090700000524520874, -0.86919999122619629, -0.48600000143051147, 0 ],
				[ -0.97619998455047607, -0.018799999728798866, 0.2159000039100647, 0 ],
				[ 0.19679999351501465, -0.49410000443458557, 0.84689998626708984, 0 ],
				[ 46.188301086425781, -25.528600692749023, 258.1455078125, 1 ]
			],
			"cuboid_centroid": [ 46.188301086425781, -25.528600692749023, 258.1455078125 ],
			"projected_cuboid_centroid": [ 1131.766845703125, 445.06338500976562 ],
			"bounding_box":
			{
				"top_left": [ 377.94940185546875, 1083.6162109375 ],
				"bottom_right": [ 514.36688232421875, 1179.22802734375 ]
			},
			"cuboid": [
				[ 33.2510986328125, -43.903400421142578, 253.48809814453125 ],
				[ 56.621898651123047, -43.453300476074219, 248.32000732421875 ],
				[ 55.603199005126953, -40.895900726318359, 243.93629455566406 ],
				[ 32.232498168945312, -41.346000671386719, 249.10450744628906 ],
				[ 36.773300170898438, -10.161299705505371, 272.35470581054688 ],
				[ 60.144100189208984, -9.7111997604370117, 267.18649291992188 ],
				[ 59.125499725341797, -7.1538000106811523, 262.80288696289062 ],
				[ 35.75469970703125, -7.6038999557495117, 267.97100830078125 ]
			],
			"projected_cuboid": [
				[ 1085.9276123046875, 373.730712890625 ],
				[ 1178.899658203125, 372.01040649414062 ],
				[ 1178.8243408203125, 379.05609130859375 ],
				[ 1084.218017578125, 380.66049194335938 ],
				[ 1089.61962890625, 504.18328857421875 ],
				[ 1176.0980224609375, 505.1077880859375 ],
				[ 1175.9814453125, 513.867919921875 ],
				[ 1088.090576171875, 512.75921630859375 ]
			]
		},
		{
			"class": "SM_Cup",
			"instance_id": 0,
			"visibility": 1,
			"location": [ 9.133000373840332, 12.381600379943848, 263.83099365234375 ],
			"quaternion_xyzw": [ 0.015799999237060547, -0.49799999594688416, -0.84320002794265747, 0.20180000364780426 ],
			"pose_transform": [
				[ -0.22759999334812164, 0.83340001106262207, 0.50360000133514404, 0 ],
				[ -0.9179999828338623, -0.35609999299049377, 0.17440000176429749, 0 ],
				[ -0.3246999979019165, 0.42260000109672546, -0.84619998931884766, 0 ],
				[ 9.133000373840332, 12.381600379943848, 263.83099365234375, 1 ]
			],
			"cuboid_centroid": [ 9.133000373840332, 12.381600379943848, 263.83099365234375 ],
			"projected_cuboid_centroid": [ 993.23260498046875, 585.05291748046875 ],
			"bounding_box":
			{
				"top_left": [ 553.6395263671875, 964.68597412109375 ],
				"bottom_right": [ 611.80938720703125, 1025.23876953125 ]
			},
			"cuboid": [
				[ -0.8564000129699707, 17.430500030517578, 266.53768920898438 ],
				[ 13.546699523925781, 23.017599105834961, 263.80099487304688 ],
				[ 15.55109977722168, 20.408899307250977, 269.02481079101562 ],
				[ 1.1480000019073486, 14.821800231933594, 271.76141357421875 ],
				[ 2.7147998809814453, 4.3543000221252441, 258.63729858398438 ],
				[ 17.118000030517578, 9.9413995742797852, 255.90069580078125 ],
				[ 19.122400283813477, 7.3327999114990234, 261.1243896484375 ],
				[ 4.7192997932434082, 1.7457000017166138, 263.86099243164062 ]
			],
			"projected_cuboid": [
				[ 956.915771484375, 602.780029296875 ],
				[ 1009.2984008789062, 623.7633056640625 ],
				[ 1015.4937744140625, 612.828125 ],
				[ 964.0557861328125, 592.35821533203125 ],
				[ 970.07720947265625, 556.16217041015625 ],
				[ 1024.2177734375, 577.2947998046875 ],
				[ 1030.30224609375, 566.95831298828125 ],
				[ 977.17041015625, 546.351318359375 ]
			]
		},
		{
			"class": "SM_Coffe_Table_2",
			"instance_id": 0,
			"visibility": 0.62110000848770142,
			"location": [ -129.07470703125, 79.381797790527344, 236.34449768066406 ],
			"quaternion_xyzw": [ 0.18379999697208405, 0.83350002765655518, 0.28839999437332153, 0.43389999866485596 ],
			"pose_transform": [
				[ 0.82940000295639038, 0.321399986743927, -0.45699998736381531, 0 ],
				[ -0.555899977684021, 0.55669999122619629, -0.61729997396469116, 0 ],
				[ -0.056000001728534698, -0.76609998941421509, -0.64029997587203979, 0 ],
				[ -129.07470703125, 79.381797790527344, 236.34449768066406, 1 ]
			],
			"cuboid_centroid": [ -129.07470703125, 79.381797790527344, 236.34449768066406 ],
			"projected_cuboid_centroid": [ 435.7161865234375, 862.43798828125 ],
			"bounding_box":
			{
				"top_left": [ 712.58660888671875, 250.86619567871094 ],
				"bottom_right": [ 1017.708984375, 581.6455078125 ]
			},
			"cuboid": [
				[ -122.28990173339844, 89.727401733398438, 192.90289306640625 ],
				[ -90.26409912109375, 57.658199310302734, 228.46699523925781 ],
				[ -88.077796936035156, 87.551803588867188, 253.45419311523438 ],
				[ -120.10369873046875, 119.62100219726562, 217.89010620117188 ],
				[ -170.07159423828125, 71.211799621582031, 219.23480224609375 ],
				[ -138.04580688476562, 39.142601013183594, 254.79890441894531 ],
				[ -135.8594970703125, 69.036201477050781, 279.78610229492188 ],
				[ -167.88540649414062, 101.10540008544922, 244.22200012207031 ]
			],
			"projected_cuboid": [
				[ 351.41281127929688, 986.53680419921875 ],
				[ 580.718017578125, 782.27490234375 ],
				[ 626.3909912109375, 871.6168212890625 ],
				[ 430.8367919921875, 1067.0367431640625 ],
				[ 215.27960205078125, 851.82659912109375 ],
				[ 439.88861083984375, 687.47650146484375 ],
				[ 493.84030151367188, 776.87628173828125 ],
				[ 300.06838989257812, 937.4298095703125 ]
			]
		},
		{
			"class": "SM_Armchair",
			"instance_id": 0,
			"visibility": 0.70420002937316895,
			"location": [ -105.00430297851562, 55.557498931884766, 263.23678588867188 ],
			"quaternion_xyzw": [ 0.18379999697208405, 0.83350002765655518, 0.28839999437332153, 0.43389999866485596 ],
			"pose_transform": [
				[ 0.82940000295639038, 0.321399986743927, -0.45699998736381531, 0 ],
				[ -0.555899977684021, 0.55669999122619629, -0.61729997396469116, 0 ],
				[ -0.056000001728534698, -0.76609998941421509, -0.64029997587203979, 0 ],
				[ -105.00430297851562, 55.557498931884766, 263.23678588867188, 1 ]
			],
			"cuboid_centroid": [ -105.00430297851562, 55.557498931884766, 263.23678588867188 ],
			"projected_cuboid_centroid": [ 577.0595703125, 742.6129150390625 ],
			"bounding_box":
			{
				"top_left": [ 522.44549560546875, 341.30459594726562 ],
				"bottom_right": [ 1003.4415893554688, 797.4603271484375 ]
			},
			"cuboid": [
				[ -100.41249847412109, 61.249198913574219, 192.97549438476562 ],
				[ -51.503700256347656, 12.274299621582031, 247.28770446777344 ],
				[ -46.979900360107422, 74.129798889160156, 298.99099731445312 ],
				[ -95.888702392578125, 123.10469818115234, 244.67880249023438 ],
				[ -163.02859497070312, 36.985198974609375, 227.48249816894531 ],
				[ -114.11990356445312, -11.989700317382812, 281.79470825195312 ],
				[ -109.59609985351562, 49.865798950195312, 333.49798583984375 ],
				[ -158.50480651855469, 98.8406982421875, 279.185791015625 ]
			],
			"projected_cuboid": [
				[ 460.47610473632812, 844.69757080078125 ],
				[ 760.05682373046875, 587.6500244140625 ],
				[ 809.1572265625, 778.01580810546875 ],
				[ 583.78009033203125, 1023.0023803710938 ],
				[ 272.00289916992188, 696.0811767578125 ],
				[ 571.22430419921875, 499.15411376953125 ],
				[ 644.51947021484375, 683.5426025390625 ],
				[ 414.97048950195312, 879.87060546875 ]
			]
		}
	]
}