{
	"camera_data":
	{
		"location_worldframe": [ 114.19529724121094, 234.26190185546875, 245 ],
		"quaternion_xyzw_worldframe": [ 0.28839999437332153, 0.18379999697208405, -0.83350002765655518, 0.43389999866485596 ]
	},
	"objects": [
		{
			"class": "SM_Sofa",
			"instance_id": 0,
			"visibility": 0.64289999008178711,
			"location": [ 57.721500396728516, -25.122699737548828, 357.54098510742188 ],
			"quaternion_xyzw": [ 0.18379999697208405, 0.83350002765655518, 0.28839999437332153, 0.43389999866485596 ],
			"pose_transform": [
				[ 0.82940000295639038, 0.321399986743927, -0.45699998736381531, 0 ],
				[ -0.555899977684021, 0.55669999122619629, -0.61729997396469116, 0 ],
				[ -0.056000001728534698, -0.76609998941421509, -0.64029997587203979, 0 ],
				[ 57.721500396728516, -25.122699737548828, 357.54098510742188, 1 ]
			],
			"cuboid_centroid": [ 57.721500396728516, -25.122699737548828, 357.54098510742188 ],
			"projected_cuboid_centroid": [ 1114.9827880859375, 472.54541015625 ],
			"bounding_box":
			{
				"top_left": [ 280.6990966796875, 772.43377685546875 ],
				"bottom_right": [ 779.0244140625, 1546.607177734375 ]
			},
			"cuboid": [
				[ 135.86259460449219, 14.843700408935547, 242.20730590820312 ],
				[ 191.4613037109375, -40.8302001953125, 303.948486328125 ],
				[ 195.81520080566406, 18.702699661254883, 353.71038818359375 ],
				[ 140.21650695800781, 74.376602172851562, 291.96920776367188 ],
				[ -80.372299194335938, -68.948097229003906, 361.3717041015625 ],
				[ -24.773599624633789, -124.62200164794922, 423.1129150390625 ],
				[ -20.419700622558594, -65.089103698730469, 472.87478637695312 ],
				[ -76.018402099609375, -9.4152002334594727, 411.13360595703125 ]
			],
			"projected_cuboid": [
				[ 1498.4984130859375, 598.83380126953125 ],
				[ 1564.7176513671875, 411.04071044921875 ],
				[ 1491.4593505859375, 590.76092529296875 ],
				[ 1421.0350341796875, 784.55181884765625 ],
				[ 746.48779296875, 356.83621215820312 ],
				[ 903.7916259765625, 257.24530029296875 ],
				[ 918.54559326171875, 407.86029052734375 ],
				[ 782.49700927734375, 518.015380859375 ]
			]
		},
		{
			"class": "SM_Armchair",
			"instance_id": 0,
			"visibility": 0.95959997177124023,
			"location": [ -190.75889587402344, -13.750699996948242, 353.5531005859375 ],
			"quaternion_xyzw": [ 0.34070000052452087, 0.1632000058889389, 0.029799999669194221, 0.9254000186920166 ],
			"pose_transform": [
				[ 0.32229998707771301, -0.62089997529983521, 0.71460002660751343, 0 ],
				[ 0.94499999284744263, 0.1664000004529953, -0.28169998526573181, 0 ],
				[ -0.056000001728534698, -0.76609998941421509, -0.64029997587203979, 0 ],
				[ -190.75889587402344, -13.750699996948242, 353.5531005859375, 1 ]
			],
			"cuboid_centroid": [ -190.75889587402344, -13.750699996948242, 353.5531005859375 ],
			"projected_cuboid_centroid": [ 442.03439331054688, 502.66268920898438 ],
			"bounding_box":
			{
				"top_left": [ 355.9053955078125, 225.49710083007812 ],
				"bottom_right": [ 663.968994140625, 619.69720458984375 ]
			},
			"cuboid": [
				[ -139.28419494628906, -60.798599243164062, 342.28518676757812 ],
				[ -222.422607421875, -75.434196472167969, 367.06878662109375 ],
				[ -217.8988037109375, -13.578700065612793, 418.7720947265625 ],
				[ -134.76040649414062, 1.0569000244140625, 393.98849487304688 ],
				[ -163.61900329589844, -13.922800064086914, 288.3341064453125 ],
				[ -246.75729370117188, -28.558300018310547, 313.11770629882812 ],
				[ -242.23359680175781, 33.297199249267578, 364.82101440429688 ],
				[ -159.0950927734375, 47.93280029296875, 340.03741455078125 ]
			],
			"projected_cuboid": [
				[ 569.35321044921875, 369.47930908203125 ],
				[ 378.29568481445312, 342.71578979492188 ],
				[ 460.48568725585938, 508.87188720703125 ],
				[ 631.640625, 542.5751953125 ],
				[ 415.23599243164062, 493.6444091796875 ],
				[ 203.4573974609375, 452.44180297851562 ],
				[ 322.58029174804688, 627.6190185546875 ],
				[ 510.83999633789062, 675.3245849609375 ]
			]
		},
		{
			"class": "SM_Coffe_Table_2",
			"instance_id": 0,
			"visibility": 0.71429997682571411,
			"location": [ 4.5668001174926758, 23.527200698852539, 319.52841186523438 ],
			"quaternion_xyzw": [ 0.18379999697208405, 0.83350002765655518, 0.28839999437332153, 0.43389999866485596 ],
			"pose_transform": [
				[ 0.82940000295639038, 0.321399986743927, -0.45699998736381531, 0 ],
				[ -0.555899977684021, 0.55669999122619629, -0.61729997396469116, 0 ],
				[ -0.056000001728534698, -0.76609998941421509, -0.64029997587203979, 0 ],
				[ 4.5668001174926758, 23.527200698852539, 319.52841186523438, 1 ]
			],
			"cuboid_centroid": [ 4.5668001174926758, 23.527200698852539, 319.52841186523438 ],
			"projected_cuboid_centroid": [ 973.72100830078125, 610.6859130859375 ],
			"bounding_box":
			{
				"top_left": [ 506.77578735351562, 876.64739990234375 ],
				"bottom_right": [ 716.39202880859375, 1068.68896484375 ]
			},
			"cuboid": [
				[ 11.35159969329834, 33.872798919677734, 276.08670043945312 ],
				[ 43.377399444580078, 1.8035999536514282, 311.65078735351562 ],
				[ 45.563701629638672, 31.697200775146484, 336.63800048828125 ],
				[ 13.537799835205078, 63.766399383544922, 301.07400512695312 ],
				[ -36.430099487304688, 15.357199668884277, 302.418701171875 ],
				[ -4.4043002128601074, -16.711999893188477, 337.9827880859375 ],
				[ -2.2179999351501465, 13.181599617004395, 362.97000122070312 ],
				[ -34.243900299072266, 45.250801086425781, 327.40591430664062 ]
			],
			"projected_cuboid": [
				[ 999.4718017578125, 657.781494140625 ],
				[ 1093.6190185546875, 545.555908203125 ],
				[ 1089.935791015625, 630.39190673828125 ],
				[ 1003.1669921875, 743.32470703125 ],
				[ 844.35638427734375, 588.7501220703125 ],
				[ 947.4906005859375, 492.53158569335938 ],
				[ 954.13421630859375, 574.8634033203125 ],
				[ 859.59259033203125, 672.68182373046875 ]
			]
		},
		{
			"class": "SM_Opened_Book",
			"instance_id": 0,
			"visibility": 0.059999998658895493,
			"location": [ 46.538600921630859, -66.485000610351562, 362.46670532226562 ],
			"quaternion_xyzw": [ 0.5942000150680542, -0.5867999792098999, -0.1500999927520752, 0.52920001745223999 ],
			"pose_transform": [
				[ -0.7993999719619751, -0.45280000567436218, -0.39480000734329224, 0 ],
				[ 0.26640000939369202, -0.85619997978210449, 0.44269999861717224, 0 ],
				[ 0.53850001096725464, -0.24869999289512634, -0.80510002374649048, 0 ],
				[ 46.538600921630859, -66.485000610351562, 362.46670532226562, 1 ]
			],
			"cuboid_centroid": [ 46.538600921630859, -66.485000610351562, 362.46670532226562 ],
			"projected_cuboid_centroid": [ 1083.2587890625, 363.9132080078125 ],
			"bounding_box":
			{
				"top_left": [ 314.01980590820312, 1031.7703857421875 ],
				"bottom_right": [ 417.9678955078125, 1123.4871826171875 ]
			},
			"cuboid": [
				[ 35.604900360107422, -86.166397094726562, 358.01809692382812 ],
				[ 29.228200912475586, -65.669097900390625, 347.42068481445312 ],
				[ 26.440700531005859, -64.381698608398438, 351.5880126953125 ],
				[ 32.817298889160156, -84.878997802734375, 362.18548583984375 ],
				[ 66.6365966796875, -68.588203430175781, 373.34530639648438 ],
				[ 60.259899139404297, -48.090900421142578, 362.747802734375 ],
				[ 57.472400665283203, -46.803501129150391, 366.91519165039062 ],
				[ 63.8489990234375, -67.300796508789062, 377.51260375976562 ]
			],
			"projected_cuboid": [
				[ 1055.47216796875, 308.95089721679688 ],
				[ 1040.764404296875, 358.54168701171875 ],
				[ 1032.19580078125, 364.20761108398438 ],
				[ 1046.9852294921875, 315.0216064453125 ],
				[ 1131.34619140625, 363.635986328125 ],
				[ 1119.4764404296875, 412.72900390625 ],
				[ 1110.37158203125, 417.54290771484375 ],
				[ 1122.365966796875, 368.85659790039062 ]
			]
		},
		{
			"class": "SM_Cup",
			"instance_id": 0,
			"visibility": 0.95310002565383911,
			"location": [ 45.184501647949219, 107.51460266113281, 252.26119995117188 ],
			"quaternion_xyzw": [ -0.87529999017715454, -0.019600000232458115, 0.36269998550415039, -0.31920000910758972 ],
			"pose_transform": [
				[ -0.62239998579025269, -0.57300001382827759, -0.53310000896453857, 0 ],
				[ 0.73619997501373291, -0.19730000197887421, -0.64740002155303955, 0 ],
				[ -0.26579999923706055, 0.79540002346038818, -0.544700026512146, 0 ],
				[ 45.184501647949219, 107.51460266113281, 252.26119995117188, 1 ]
			],
			"cuboid_centroid": [ 45.184501647949219, 107.51460266113281, 252.26119995117188 ],
			"projected_cuboid_centroid": [ 1131.953369140625, 949.1553955078125 ],
			"bounding_box":
			{
				"top_left": [ 926.5137939453125, 1100.4598388671875 ],
				"bottom_right": [ 968.8662109375, 1165.95263671875 ]
			},
			"cuboid": [
				[ 45.256500244140625, 103.92669677734375, 241.31919860839844 ],
				[ 33.706401824951172, 107.02249908447266, 251.47630310058594 ],
				[ 35.347099304199219, 102.11199951171875, 254.83869934082031 ],
				[ 46.897201538085938, 99.01629638671875, 244.68159484863281 ],
				[ 55.021900177001953, 112.91709899902344, 249.68359375 ],
				[ 43.4718017578125, 116.01290130615234, 259.8406982421875 ],
				[ 45.112499237060547, 111.10250091552734, 263.20309448242188 ],
				[ 56.662601470947266, 108.00669860839844, 253.04600524902344 ]
			],
			"projected_cuboid": [
				[ 1140.03662109375, 953.43438720703125 ],
				[ 1088.6729736328125, 948.55377197265625 ],
				[ 1093.156005859375, 924.66522216796875 ],
				[ 1143.999755859375, 928.48699951171875 ],
				[ 1171.552001953125, 974.15118408203125 ],
				[ 1120.6099853515625, 968.6177978515625 ],
				[ 1124.5423583984375, 945.232177734375 ],
				[ 1174.9654541015625, 949.753173828125 ]
			]
		},
		{
			"class": "SM_Coffe_Table_2",
			"instance_id": 0,
			"visibility": 0.71429997682571411,
			"location": [ -32.987400054931641, 25.882699966430664, 291.7117919921875 ],
			"quaternion_xyzw": [ 0.18379999697208405, 0.83350002765655518, 0.28839999437332153, 0.43389999866485596 ],
			"pose_transform": [
				[ 0.82940000295639038, 0.321399986743927, -0.45699998736381531, 0 ],
				[ -0.555899977684021, 0.55669999122619629, -0.61729997396469116, 0 ],
				[ -0.056000001728534698, -0.76609998941421509, -0.64029997587203979, 0 ],
				[ -32.987400054931641, 25.882699966430664, 291.7117919921875, 1 ]
			],
			"cuboid_centroid": [ -32.987400054931641, 25.882699966430664, 291.7117919921875 ],
			"projected_cuboid_centroid": [ 851.44158935546875, 625.17779541015625 ],
			"bounding_box":
			{
				"top_left": [ 511.19619750976562, 742.00390625 ],
				"bottom_right": [ 741.80841064453125, 955.0595703125 ]
			},
			"cuboid": [
				[ -26.202600479125977, 36.228298187255859, 248.27020263671875 ],
				[ 5.8232002258300781, 4.1591000556945801, 283.83419799804688 ],
				[ 8.0094995498657227, 34.052700042724609, 308.82150268554688 ],
				[ -24.016399383544922, 66.121902465820312, 273.25738525390625 ],
				[ -73.984298706054688, 17.712699890136719, 274.60211181640625 ],
				[ -41.958499908447266, -14.356499671936035, 310.16619873046875 ],
				[ -39.772201538085938, 15.537099838256836, 335.15341186523438 ],
				[ -71.798103332519531, 47.606300354003906, 299.58929443359375 ]
			],
			"projected_cuboid": [
				[ 858.68121337890625, 680.0858154296875 ],
				[ 979.69622802734375, 554.06707763671875 ],
				[ 984.89862060546875, 645.85589599609375 ],
				[ 875.62677001953125, 772.29742431640625 ],
				[ 701.35357666015625, 601.92291259765625 ],
				[ 830.13409423828125, 495.56491088867188 ],
				[ 846.07861328125, 584.5037841796875 ],
				[ 729.93170166015625, 692.54888916015625 ]
			]
		},
		{
			"class": "SM_Armchair",
			"instance_id": 0,
			"visibility": 0.8312000036239624,
			"location": [ -87.210296630859375, 73.178497314453125, 239.89259338378906 ],
			"quaternion_xyzw": [ 0.18379999697208405, 0.83350002765655518, 0.28839999437332153, 0.43389999866485596 ],
			"pose_transform": [
				[ 0.82940000295639038, 0.321399986743927, -0.45699998736381531, 0 ],
				[ -0.555899977684021, 0.55669999122619629, -0.61729997396469116, 0 ],
				[ -0.056000001728534698, -0.76609998941421509, -0.64029997587203979, 0 ],
				[ -87.210296630859375, 73.178497314453125, 239.89259338378906, 1 ]
			],
			"cuboid_centroid": [ -87.210296630859375, 73.178497314453125, 239.89259338378906 ],
			"projected_cuboid_centroid": [ 611.0028076171875, 832.844970703125 ],
			"bounding_box":
			{
				"top_left": [ 585.98651123046875, 353.19000244140625 ],
				"bottom_right": [ 1127.1722412109375, 845.544189453125 ]
			},
			"cuboid": [
				[ -82.618499755859375, 78.870201110839844, 169.63139343261719 ],
				[ -33.709800720214844, 29.895299911499023, 223.943603515625 ],
				[ -29.186000823974609, 91.750801086425781, 275.64678955078125 ],
				[ -78.094703674316406, 140.72569274902344, 221.33470153808594 ],
				[ -145.23460388183594, 54.606201171875, 204.13839721679688 ],
				[ -96.325897216796875, 5.6312999725341797, 258.45050048828125 ],
				[ -91.802101135253906, 67.486801147460938, 310.15380859375 ],
				[ -140.71090698242188, 116.46179962158203, 255.84159851074219 ]
			],
			"projected_cuboid": [
				[ 492.434814453125, 986.3521728515625 ],
				[ 815.493408203125, 668.1549072265625 ],
				[ 858.35382080078125, 859.54217529296875 ],
				[ 621.2781982421875, 1150.372802734375 ],
				[ 277.00650024414062, 796.79608154296875 ],
				[ 602.20330810546875, 560.9171142578125 ],
				[ 675.85089111328125, 748.8878173828125 ],
				[ 432.00799560546875, 977.00177001953125 ]
			]
		}
	]
}