{
	"camera_data":
	{
		"location_worldframe": [ 114.19529724121094, 234.26190185546875, 245 ],
		"quaternion_xyzw_worldframe": [ 0.28839999437332153, 0.18379999697208405, -0.83350002765655518, 0.43389999866485596 ]
	},
	"objects": [
		{
			"class": "SM_Sofa",
			"instance_id": 0,
			"visibility": 0.63270002603530884,
			"location": [ 57.721500396728516, -25.122699737548828, 357.54098510742188 ],
			"quaternion_xyzw": [ 0.18379999697208405, 0.83350002765655518, 0.28839999437332153, 0.43389999866485596 ],
			"pose_transform": [
				[ 0.82940000295639038, 0.321399986743927, -0.45699998736381531, 0 ],
				[ -0.555899977684021, 0.55669999122619629, -0.61729997396469116, 0 ],
				[ -0.056000001728534698, -0.76609998941421509, -0.64029997587203979, 0 ],
				[ 57.721500396728516, -25.122699737548828, 357.54098510742188, 1 ]
			],
			"cuboid_centroid": [ 57.721500396728516, -25.122699737548828, 357.54098510742188 ],
			"projected_cuboid_centroid": [ 1114.9827880859375, 472.54541015625 ],
			"bounding_box":
			{
				"top_left": [ 280.6990966796875, 772.43377685546875 ],
				"bottom_right": [ 779.0244140625, 1546.607177734375 ]
			},
			"cuboid": [
				[ 135.86259460449219, 14.843700408935547, 242.20730590820312 ],
				[ 191.4613037109375, -40.8302001953125, 303.948486328125 ],
				[ 195.81520080566406, 18.702699661254883, 353.71038818359375 ],
				[ 140.21650695800781, 74.376602172851562, 291.96920776367188 ],
				[ -80.372299194335938, -68.948097229003906, 361.3717041015625 ],
				[ -24.773599624633789, -124.62200164794922, 423.1129150390625 ],
				[ -20.419700622558594, -65.089103698730469, 472.87478637695312 ],
				[ -76.018402099609375, -9.4152002334594727, 411.13360595703125 ]
			],
			"projected_cuboid": [
				[ 1498.4984130859375, 598.83380126953125 ],
				[ 1564.7176513671875, 411.04071044921875 ],
				[ 1491.4593505859375, 590.76092529296875 ],
				[ 1421.0350341796875, 784.55181884765625 ],
				[ 746.48779296875, 356.83621215820312 ],
				[ 903.7916259765625, 257.24530029296875 ],
				[ 918.54559326171875, 407.86029052734375 ],
				[ 782.49700927734375, 518.015380859375 ]
			]
		},
		{
			"class": "SM_Armchair",
			"instance_id": 0,
			"visibility": 0.62239998579025269,
			"location": [ -191.90570068359375, -23.005300521850586, 364.05889892578125 ],
			"quaternion_xyzw": [ 0.34070000052452087, 0.1632000058889389, 0.029799999669194221, 0.9254000186920166 ],
			"pose_transform": [
				[ 0.32229998707771301, -0.62089997529983521, 0.71460002660751343, 0 ],
				[ 0.94499999284744263, 0.1664000004529953, -0.28169998526573181, 0 ],
				[ -0.056000001728534698, -0.76609998941421509, -0.64029997587203979, 0 ],
				[ -191.90570068359375, -23.005300521850586, 364.05889892578125, 1 ]
			],
			"cuboid_centroid": [ -191.90570068359375, -23.005300521850586, 364.05889892578125 ],
			"projected_cuboid_centroid": [ 453.95748901367188, 479.3363037109375 ],
			"bounding_box":
			{
				"top_left": [ 337.06588745117188, 245.63279724121094 ],
				"bottom_right": [ 635.14288330078125, 625.85357666015625 ]
			},
			"cuboid": [
				[ -140.43099975585938, -70.053298950195312, 352.79098510742188 ],
				[ -223.56939697265625, -84.688796997070312, 377.5745849609375 ],
				[ -219.04559326171875, -22.83329963684082, 429.27789306640625 ],
				[ -135.90719604492188, -8.1976995468139648, 404.49429321289062 ],
				[ -164.76570129394531, -23.177400588989258, 298.83990478515625 ],
				[ -247.90420532226562, -37.812900543212891, 323.62350463867188 ],
				[ -243.38040161132812, 24.042600631713867, 375.32681274414062 ],
				[ -160.24189758300781, 38.6781005859375, 350.543212890625 ]
			],
			"projected_cuboid": [
				[ 577.8656005859375, 349.3739013671875 ],
				[ 391.56549072265625, 324.6748046875 ],
				[ 470.14569091796875, 488.9375 ],
				[ 637.44732666015625, 520.54400634765625 ],
				[ 430.70330810546875, 465.5443115234375 ],
				[ 224.61520385742188, 427.83120727539062 ],
				[ 337.48919677734375, 601.49530029296875 ],
				[ 521.16070556640625, 645.9241943359375 ]
			]
		},
		{
			"class": "SM_Coffe_Table_2",
			"instance_id": 0,
			"visibility": 0.91750001907348633,
			"location": [ -11.411499977111816, 26.451499938964844, 316.4801025390625 ],
			"quaternion_xyzw": [ 0.18379999697208405, 0.83350002765655518, 0.28839999437332153, 0.43389999866485596 ],
			"pose_transform": [
				[ 0.82940000295639038, 0.321399986743927, -0.45699998736381531, 0 ],
				[ -0.555899977684021, 0.55669999122619629, -0.61729997396469116, 0 ],
				[ -0.056000001728534698, -0.76609998941421509, -0.64029997587203979, 0 ],
				[ -11.411499977111816, 26.451499938964844, 316.4801025390625, 1 ]
			],
			"cuboid_centroid": [ -11.411499977111816, 26.451499938964844, 316.4801025390625 ],
			"projected_cuboid_centroid": [ 925.38519287109375, 620.23712158203125 ],
			"bounding_box":
			{
				"top_left": [ 515.04510498046875, 826.30572509765625 ],
				"bottom_right": [ 727.29541015625, 1020.1185913085938 ]
			},
			"cuboid": [
				[ -4.6266999244689941, 36.797100067138672, 273.03851318359375 ],
				[ 27.399200439453125, 4.7279000282287598, 308.60260009765625 ],
				[ 29.585500717163086, 34.621498107910156, 333.58981323242188 ],
				[ -2.4403998851776123, 66.690696716308594, 298.02569580078125 ],
				[ -52.408401489257812, 18.281499862670898, 299.37039184570312 ],
				[ -20.382499694824219, -13.787699699401855, 334.93450927734375 ],
				[ -18.196300506591797, 16.105899810791016, 359.92169189453125 ],
				[ -50.222099304199219, 48.175098419189453, 324.35760498046875 ]
			],
			"projected_cuboid": [
				[ 943.73297119140625, 669.37811279296875 ],
				[ 1045.233642578125, 554.70758056640625 ],
				[ 1045.1409912109375, 639.63330078125 ],
				[ 952.13922119140625, 754.823974609375 ],
				[ 791.94091796875, 598.623779296875 ],
				[ 901.57940673828125, 500.48129272460938 ],
				[ 911.46661376953125, 582.95849609375 ],
				[ 811.35821533203125, 682.58367919921875 ]
			]
		},
		{
			"class": "SM_Opened_Book",
			"instance_id": 0,
			"visibility": 1,
			"location": [ 0.30469998717308044, -85.226799011230469, 295.64230346679688 ],
			"quaternion_xyzw": [ -0.16500000655651093, 0.59570002555847168, 0.6062999963760376, 0.50040000677108765 ],
			"pose_transform": [
				[ 0.39599999785423279, 0.88739997148513794, 0.23589999973773956, 0 ],
				[ -0.4447999894618988, 0.41010001301765442, -0.7961999773979187, 0 ],
				[ 0.80330002307891846, -0.21029999852180481, -0.55709999799728394, 0 ],
				[ 0.30469998717308044, -85.226799011230469, 295.64230346679688, 1 ]
			],
			"cuboid_centroid": [ 0.30469998717308044, -85.226799011230469, 295.64230346679688 ],
			"projected_cuboid_centroid": [ 960.98980712890625, 263.25430297851562 ],
			"bounding_box":
			{
				"top_left": [ 199.47250366210938, 909.30517578125 ],
				"bottom_right": [ 334.968505859375, 1002.17138671875 ]
			},
			"cuboid": [
				[ 4.7451000213623047, -63.637401580810547, 289.2489013671875 ],
				[ 15.393699645996094, -73.455802917480469, 308.30960083007812 ],
				[ 11.235400199890137, -72.366996765136719, 311.193603515625 ],
				[ 0.58670002222061157, -62.548599243164062, 292.13290405273438 ],
				[ -10.62600040435791, -98.086502075195312, 280.09100341796875 ],
				[ 0.022600000724196434, -107.90499877929688, 299.15170288085938 ],
				[ -4.1357998847961426, -106.81620025634766, 302.03570556640625 ],
				[ -14.78439998626709, -96.997802734375, 282.97500610351562 ]
			],
			"projected_cuboid": [
				[ 975.7490234375, 328.79129028320312 ],
				[ 1007.9326171875, 311.27679443359375 ],
				[ 994.660400390625, 316.75518798828125 ],
				[ 961.9285888671875, 334.45431518554688 ],
				[ 923.5802001953125, 203.8125 ],
				[ 960.072998046875, 193.72489929199219 ],
				[ 946.855224609375, 200.49189758300781 ],
				[ 909.843994140625, 210.9324951171875 ]
			]
		},
		{
			"class": "SM_Cup",
			"instance_id": 0,
			"visibility": 1,
			"location": [ 106.55349731445312, -54.282398223876953, 261.45361328125 ],
			"quaternion_xyzw": [ 0.41440001130104065, 0.53270000219345093, 0.45600000023841858, 0.58020001649856567 ],
			"pose_transform": [
				[ 0.99599999189376831, 0.004999999888241291, 0.089100003242492676, 0 ],
				[ 0.016599999740719795, 0.97060000896453857, -0.24009999632835388, 0 ],
				[ 0.087700001895427704, -0.24060000479221344, -0.96660000085830688, 0 ],
				[ 106.55349731445312, -54.282398223876953, 261.45361328125, 1 ]
			],
			"cuboid_centroid": [ 106.55349731445312, -54.282398223876953, 261.45361328125 ],
			"projected_cuboid_centroid": [ 1351.2412109375, 340.68701171875 ],
			"bounding_box":
			{
				"top_left": [ 314.8546142578125, 1318.51904296875 ],
				"bottom_right": [ 371.08441162109375, 1379.3765869140625 ]
			},
			"cuboid": [
				[ 114.76779937744141, -47.371799468994141, 257.28549194335938 ],
				[ 114.5072021484375, -62.599998474121094, 261.0526123046875 ],
				[ 113.96579742431641, -61.114498138427734, 267.01998901367188 ],
				[ 114.22640228271484, -45.886398315429688, 263.25299072265625 ],
				[ 99.141098022460938, -47.450298309326172, 255.88720703125 ],
				[ 98.880500793457031, -62.678501129150391, 259.654296875 ],
				[ 98.339103698730469, -61.193000793457031, 265.6217041015625 ],
				[ 98.599700927734375, -45.964900970458984, 261.85470581054688 ]
			],
			"projected_cuboid": [
				[ 1388.2296142578125, 363.24319458007812 ],
				[ 1381.091552734375, 309.79360961914062 ],
				[ 1369.734375, 320.27890014648438 ],
				[ 1376.5478515625, 372.6669921875 ],
				[ 1331.943603515625, 361.98291015625 ],
				[ 1325.583740234375, 308.26370239257812 ],
				[ 1315.4139404296875, 318.8385009765625 ],
				[ 1321.482177734375, 371.48568725585938 ]
			]
		},
		{
			"class": "SM_Coffe_Table_2",
			"instance_id": 0,
			"visibility": 0.98610001802444458,
			"location": [ -77.926597595214844, 44.212001800537109, 273.68438720703125 ],
			"quaternion_xyzw": [ 0.18379999697208405, 0.83350002765655518, 0.28839999437332153, 0.43389999866485596 ],
			"pose_transform": [
				[ 0.82940000295639038, 0.321399986743927, -0.45699998736381531, 0 ],
				[ -0.555899977684021, 0.55669999122619629, -0.61729997396469116, 0 ],
				[ -0.056000001728534698, -0.76609998941421509, -0.64029997587203979, 0 ],
				[ -77.926597595214844, 44.212001800537109, 273.68438720703125, 1 ]
			],
			"cuboid_centroid": [ -77.926597595214844, 44.212001800537109, 273.68438720703125 ],
			"projected_cuboid_centroid": [ 686.6580810546875, 695.0819091796875 ],
			"bounding_box":
			{
				"top_left": [ 571.232177734375, 554.70281982421875 ],
				"bottom_right": [ 822.24432373046875, 800.33392333984375 ]
			},
			"cuboid": [
				[ -71.141799926757812, 54.557598114013672, 230.2427978515625 ],
				[ -39.115898132324219, 22.488399505615234, 265.806884765625 ],
				[ -36.929599761962891, 52.381999969482422, 290.79409790039062 ],
				[ -68.955497741699219, 84.451202392578125, 255.22999572753906 ],
				[ -118.92350006103516, 36.041999816894531, 256.57470703125 ],
				[ -86.897598266601562, 3.9728000164031982, 292.1387939453125 ],
				[ -84.7113037109375, 33.866401672363281, 317.12600708007812 ],
				[ -116.73719787597656, 65.935600280761719, 281.5618896484375 ]
			],
			"projected_cuboid": [
				[ 663.3739013671875, 767.4783935546875 ],
				[ 818.72760009765625, 621.219970703125 ],
				[ 838.08428955078125, 712.92889404296875 ],
				[ 700.63702392578125, 857.647216796875 ],
				[ 515.03631591796875, 674.8546142578125 ],
				[ 674.4453125, 553.05499267578125 ],
				[ 703.56317138671875, 642.5198974609375 ],
				[ 561.97882080078125, 764.810791015625 ]
			]
		},
		{
			"class": "SM_Armchair",
			"instance_id": 0,
			"visibility": 0.78670001029968262,
			"location": [ -176.19329833984375, 40.252601623535156, 287.44070434570312 ],
			"quaternion_xyzw": [ 0.18379999697208405, 0.83350002765655518, 0.28839999437332153, 0.43389999866485596 ],
			"pose_transform": [
				[ 0.82940000295639038, 0.321399986743927, -0.45699998736381531, 0 ],
				[ -0.555899977684021, 0.55669999122619629, -0.61729997396469116, 0 ],
				[ -0.056000001728534698, -0.76609998941421509, -0.64029997587203979, 0 ],
				[ -176.19329833984375, 40.252601623535156, 287.44070434570312, 1 ]
			],
			"cuboid_centroid": [ -176.19329833984375, 40.252601623535156, 287.44070434570312 ],
			"projected_cuboid_centroid": [ 371.54638671875, 674.43609619140625 ],
			"bounding_box":
			{
				"top_left": [ 475.972900390625, 142.37899780273438 ],
				"bottom_right": [ 908.08062744140625, 599.36627197265625 ]
			},
			"cuboid": [
				[ -171.60159301757812, 45.944198608398438, 217.17950439453125 ],
				[ -122.69280242919922, -3.0306999683380127, 271.49169921875 ],
				[ -118.16899871826172, 58.824798583984375, 323.19488525390625 ],
				[ -167.07780456542969, 107.79979705810547, 268.8826904296875 ],
				[ -234.21769714355469, 21.680299758911133, 251.68649291992188 ],
				[ -185.30889892578125, -27.294700622558594, 305.99859619140625 ],
				[ -180.78509521484375, 34.560901641845703, 357.701904296875 ],
				[ -229.69389343261719, 83.535797119140625, 303.38970947265625 ]
			],
			"projected_cuboid": [
				[ 201.46890258789062, 743.08740234375 ],
				[ 526.1561279296875, 529.28338623046875 ],
				[ 608.997802734375, 714.72991943359375 ],
				[ 363.47781372070312, 924.880615234375 ],
				[ 66.631202697753906, 622.694091796875 ],
				[ 378.63650512695312, 454.36920166015625 ],
				[ 474.80950927734375, 632.75439453125 ],
				[ 233.19239807128906, 804.32769775390625 ]
			]
		}
	]
}