{
	"camera_data":
	{
		"location_worldframe": [ 114.19529724121094, 234.26190185546875, 245 ],
		"quaternion_xyzw_worldframe": [ 0.28839999437332153, 0.18379999697208405, -0.83350002765655518, 0.43389999866485596 ]
	},
	"objects": [
		{
			"class": "SM_Sofa",
			"instance_id": 0,
			"visibility": 0.66329997777938843,
			"location": [ 57.721500396728516, -25.122699737548828, 357.54098510742188 ],
			"quaternion_xyzw": [ 0.18379999697208405, 0.83350002765655518, 0.28839999437332153, 0.43389999866485596 ],
			"pose_transform": [
				[ 0.82940000295639038, 0.321399986743927, -0.45699998736381531, 0 ],
				[ -0.555899977684021, 0.55669999122619629, -0.61729997396469116, 0 ],
				[ -0.056000001728534698, -0.76609998941421509, -0.64029997587203979, 0 ],
				[ 57.721500396728516, -25.122699737548828, 357.54098510742188, 1 ]
			],
			"cuboid_centroid": [ 57.721500396728516, -25.122699737548828, 357.54098510742188 ],
			"projected_cuboid_centroid": [ 1114.9827880859375, 472.54541015625 ],
			"bounding_box":
			{
				"top_left": [ 280.6990966796875, 772.43377685546875 ],
				"bottom_right": [ 779.0244140625, 1546.607177734375 ]
			},
			"cuboid": [
				[ 135.86259460449219, 14.843700408935547, 242.20730590820312 ],
				[ 191.4613037109375, -40.8302001953125, 303.948486328125 ],
				[ 195.81520080566406, 18.702699661254883, 353.71038818359375 ],
				[ 140.21650695800781, 74.376602172851562, 291.96920776367188 ],
				[ -80.372299194335938, -68.948097229003906, 361.3717041015625 ],
				[ -24.773599624633789, -124.62200164794922, 423.1129150390625 ],
				[ -20.419700622558594, -65.089103698730469, 472.87478637695312 ],
				[ -76.018402099609375, -9.4152002334594727, 411.13360595703125 ]
			],
			"projected_cuboid": [
				[ 1498.4984130859375, 598.83380126953125 ],
				[ 1564.7176513671875, 411.04071044921875 ],
				[ 1491.4593505859375, 590.76092529296875 ],
				[ 1421.0350341796875, 784.55181884765625 ],
				[ 746.48779296875, 356.83621215820312 ],
				[ 903.7916259765625, 257.24530029296875 ],
				[ 918.54559326171875, 407.86029052734375 ],
				[ 782.49700927734375, 518.015380859375 ]
			]
		},
		{
			"class": "SM_Armchair",
			"instance_id": 0,
			"visibility": 0.89899998903274536,
			"location": [ -187.36030578613281, -27.453500747680664, 368.96340942382812 ],
			"quaternion_xyzw": [ 0.34070000052452087, 0.1632000058889389, 0.029799999669194221, 0.9254000186920166 ],
			"pose_transform": [
				[ 0.32229998707771301, -0.62089997529983521, 0.71460002660751343, 0 ],
				[ 0.94499999284744263, 0.1664000004529953, -0.28169998526573181, 0 ],
				[ -0.056000001728534698, -0.76609998941421509, -0.64029997587203979, 0 ],
				[ -187.36030578613281, -27.453500747680664, 368.96340942382812, 1 ]
			],
			"cuboid_centroid": [ -187.36030578613281, -27.453500747680664, 368.96340942382812 ],
			"projected_cuboid_centroid": [ 472.51058959960938, 468.569091796875 ],
			"bounding_box":
			{
				"top_left": [ 328.30560302734375, 269.22549438476562 ],
				"bottom_right": [ 621.92230224609375, 640.76458740234375 ]
			},
			"cuboid": [
				[ -135.88560485839844, -74.50140380859375, 357.69549560546875 ],
				[ -219.02400207519531, -89.137001037597656, 382.47900390625 ],
				[ -214.50019836425781, -27.281400680541992, 434.18231201171875 ],
				[ -131.36180114746094, -12.645899772644043, 409.3988037109375 ],
				[ -160.22039794921875, -27.625499725341797, 303.744384765625 ],
				[ -243.35879516601562, -42.261100769042969, 328.52801513671875 ],
				[ -238.83500671386719, 19.594499588012695, 380.231201171875 ],
				[ -155.69659423828125, 34.229999542236328, 355.44769287109375 ]
			],
			"projected_cuboid": [
				[ 595.30419921875, 340.04949951171875 ],
				[ 410.26300048828125, 316.27130126953125 ],
				[ 485.72909545898438, 479.67919921875 ],
				[ 651.9697265625, 510.34658813476562 ],
				[ 453.6156005859375, 452.68798828125 ],
				[ 248.87539672851562, 416.50759887695312 ],
				[ 356.99468994140625, 589.47149658203125 ],
				[ 539.49200439453125, 632.44891357421875 ]
			]
		},
		{
			"class": "SM_Coffe_Table_2",
			"instance_id": 0,
			"visibility": 0.81440001726150513,
			"location": [ 44.358200073242188, 38.247600555419922, 297.2637939453125 ],
			"quaternion_xyzw": [ 0.18379999697208405, 0.83350002765655518, 0.28839999437332153, 0.43389999866485596 ],
			"pose_transform": [
				[ 0.82940000295639038, 0.321399986743927, -0.45699998736381531, 0 ],
				[ -0.555899977684021, 0.55669999122619629, -0.61729997396469116, 0 ],
				[ -0.056000001728534698, -0.76609998941421509, -0.64029997587203979, 0 ],
				[ 44.358200073242188, 38.247600555419922, 297.2637939453125, 1 ]
			],
			"cuboid_centroid": [ 44.358200073242188, 38.247600555419922, 297.2637939453125 ],
			"projected_cuboid_centroid": [ 1103.253173828125, 663.5189208984375 ],
			"bounding_box":
			{
				"top_left": [ 550.25250244140625, 1001.7420043945312 ],
				"bottom_right": [ 779.1904296875, 1214.3392333984375 ]
			},
			"cuboid": [
				[ 51.143001556396484, 48.59320068359375, 253.82220458984375 ],
				[ 83.168899536132812, 16.52400016784668, 289.38619995117188 ],
				[ 85.3551025390625, 46.417598724365234, 314.37350463867188 ],
				[ 53.329299926757812, 78.486801147460938, 278.80938720703125 ],
				[ 3.361299991607666, 30.077600479125977, 280.15411376953125 ],
				[ 35.387199401855469, -1.9916000366210938, 315.71820068359375 ],
				[ 37.573398590087891, 27.902000427246094, 340.70541381835938 ],
				[ 5.5475001335144043, 59.971199035644531, 305.14129638671875 ]
			],
			"projected_cuboid": [
				[ 1153.4320068359375, 723.78790283203125 ],
				[ 1235.9019775390625, 594.81622314453125 ],
				[ 1220.6485595703125, 681.7451171875 ],
				[ 1143.6243896484375, 810.246826171875 ],
				[ 971.51837158203125, 643.0665283203125 ],
				[ 1067.6015625, 533.9442138671875 ],
				[ 1065.870361328125, 618.6190185546875 ],
				[ 977.45343017578125, 728.67449951171875 ]
			]
		},
		{
			"class": "SM_Opened_Book",
			"instance_id": 0,
			"visibility": 1,
			"location": [ -31.24220085144043, 127.21600341796875, 319.20111083984375 ],
			"quaternion_xyzw": [ 0.4650999903678894, 0.78780001401901245, -0.0066999997943639755, -0.40360000729560852 ],
			"pose_transform": [
				[ -0.64219999313354492, 0.36489999294281006, -0.67409998178482056, 0 ],
				[ -0.24150000512599945, 0.73830002546310425, 0.62980002164840698, 0 ],
				[ -0.72750002145767212, -0.56720000505447388, 0.38600000739097595, 0 ],
				[ -31.24220085144043, 127.21600341796875, 319.20111083984375, 1 ]
			],
			"cuboid_centroid": [ -31.24220085144043, 127.21600341796875, 319.20111083984375 ],
			"projected_cuboid_centroid": [ 866.0391845703125, 922.60321044921875 ],
			"bounding_box":
			{
				"top_left": [ 871.6519775390625, 821.337890625 ],
				"bottom_right": [ 984.60858154296875, 918.94622802734375 ]
			},
			"cuboid": [
				[ -48.480499267578125, 141.66839599609375, 314.6553955078125 ],
				[ -42.700099945068359, 123.99379730224609, 299.57888793945312 ],
				[ -38.934299468994141, 126.92990112304688, 297.5806884765625 ],
				[ -44.714801788330078, 144.60450744628906, 312.6571044921875 ],
				[ -23.549999237060547, 127.50209808349609, 340.82159423828125 ],
				[ -17.769500732421875, 109.82749938964844, 325.74508666992188 ],
				[ -14.003800392150879, 112.76360321044922, 323.74679565429688 ],
				[ -19.784299850463867, 130.43820190429688, 338.82330322265625 ]
			],
			"projected_cuboid": [
				[ 812.08831787109375, 972.2239990234375 ],
				[ 823.1680908203125, 937.33782958984375 ],
				[ 834.39752197265625, 949.477783203125 ],
				[ 822.70538330078125, 984.0015869140625 ],
				[ 893.6663818359375, 899.13800048828125 ],
				[ 907.63177490234375, 863.67138671875 ],
				[ 918.4749755859375, 874.3756103515625 ],
				[ 903.944580078125, 909.57501220703125 ]
			]
		},
		{
			"class": "SM_Cup",
			"instance_id": 0,
			"visibility": 0,
			"location": [ 55.586399078369141, 25.619199752807617, 396.4923095703125 ],
			"quaternion_xyzw": [ -0.90850001573562622, -0.08489999920129776, 0.15539999306201935, -0.37860000133514404 ],
			"pose_transform": [
				[ -0.21809999644756317, -0.71420001983642578, -0.66509997844696045, 0 ],
				[ 0.93730002641677856, 0.036600001156330109, -0.34670001268386841, 0 ],
				[ -0.2720000147819519, 0.69889998435974121, -0.66149997711181641, 0 ],
				[ 55.586399078369141, 25.619199752807617, 396.4923095703125, 1 ]
			],
			"cuboid_centroid": [ 55.586399078369141, 25.619199752807617, 396.4923095703125 ],
			"projected_cuboid_centroid": [ 1094.5880126953125, 602.03009033203125 ],
			"bounding_box":
			{
				"top_left": [ 584.5958251953125, 1074.965576171875 ],
				"bottom_right": [ 615.606201171875, 1115.391845703125 ]
			},
			"cuboid": [
				[ 60.388698577880859, 22.460800170898438, 386.51400756835938 ],
				[ 45.683498382568359, 21.88640022277832, 391.95309448242188 ],
				[ 47.362400054931641, 17.571599960327148, 396.0364990234375 ],
				[ 62.067600250244141, 18.145999908447266, 390.5972900390625 ],
				[ 63.810398101806641, 33.666801452636719, 396.94821166992188 ],
				[ 49.105201721191406, 33.092399597167969, 402.38729858398438 ],
				[ 50.784099578857422, 28.777599334716797, 406.470703125 ],
				[ 65.489303588867188, 29.351999282836914, 401.031494140625 ]
			],
			"projected_cuboid": [
				[ 1109.989990234375, 595.78692626953125 ],
				[ 1071.891845703125, 593.60589599609375 ],
				[ 1074.8077392578125, 582.593994140625 ],
				[ 1112.54833984375, 584.5989990234375 ],
				[ 1114.3226318359375, 621.42156982421875 ],
				[ 1077.153564453125, 618.95062255859375 ],
				[ 1079.9420166015625, 607.9669189453125 ],
				[ 1116.7703857421875, 610.263671875 ]
			]
		},
		{
			"class": "SM_Coffe_Table_2",
			"instance_id": 0,
			"visibility": 0.72289997339248657,
			"location": [ -109.50789642333984, 92.199798583984375, 220.5072021484375 ],
			"quaternion_xyzw": [ 0.18379999697208405, 0.83350002765655518, 0.28839999437332153, 0.43389999866485596 ],
			"pose_transform": [
				[ 0.82940000295639038, 0.321399986743927, -0.45699998736381531, 0 ],
				[ -0.555899977684021, 0.55669999122619629, -0.61729997396469116, 0 ],
				[ -0.056000001728534698, -0.76609998941421509, -0.64029997587203979, 0 ],
				[ -109.50789642333984, 92.199798583984375, 220.5072021484375, 1 ]
			],
			"cuboid_centroid": [ -109.50789642333984, 92.199798583984375, 220.5072021484375 ],
			"projected_cuboid_centroid": [ 483.24700927734375, 941.40118408203125 ],
			"bounding_box":
			{
				"top_left": [ 777.614013671875, 289.48678588867188 ],
				"bottom_right": [ 1111.9683837890625, 635.3212890625 ]
			},
			"cuboid": [
				[ -102.72309875488281, 102.54540252685547, 177.06559753417969 ],
				[ -70.697196960449219, 70.4761962890625, 212.62969970703125 ],
				[ -68.510902404785156, 100.36979675292969, 237.61689758300781 ],
				[ -100.53679656982422, 132.43899536132812, 202.05279541015625 ],
				[ -150.50480651855469, 84.029800415039062, 203.39750671386719 ],
				[ -118.47889709472656, 51.960601806640625, 238.96159362792969 ],
				[ -116.2926025390625, 81.854202270507812, 263.94879150390625 ],
				[ -148.31849670410156, 113.92340087890625, 228.38470458984375 ]
			],
			"projected_cuboid": [
				[ 403.06460571289062, 1095.972412109375 ],
				[ 640.81011962890625, 858.1923828125 ],
				[ 683.2081298828125, 945.50579833984375 ],
				[ 482.32638549804688, 1169.2486572265625 ],
				[ 249.64460754394531, 936.60577392578125 ],
				[ 484.02529907226562, 748.74560546875 ],
				[ 537.0360107421875, 837.70941162109375 ],
				[ 336.55331420898438, 1018.869384765625 ]
			]
		},
		{
			"class": "SM_Armchair",
			"instance_id": 0,
			"visibility": 0.58329999446868896,
			"location": [ -112.26270294189453, 59.099998474121094, 257.9552001953125 ],
			"quaternion_xyzw": [ 0.18379999697208405, 0.83350002765655518, 0.28839999437332153, 0.43389999866485596 ],
			"pose_transform": [
				[ 0.82940000295639038, 0.321399986743927, -0.45699998736381531, 0 ],
				[ -0.555899977684021, 0.55669999122619629, -0.61729997396469116, 0 ],
				[ -0.056000001728534698, -0.76609998941421509, -0.64029997587203979, 0 ],
				[ -112.26270294189453, 59.099998474121094, 257.9552001953125, 1 ]
			],
			"cuboid_centroid": [ -112.26270294189453, 59.099998474121094, 257.9552001953125 ],
			"projected_cuboid_centroid": [ 542.20599365234375, 759.94500732421875 ],
			"bounding_box":
			{
				"top_left": [ 534.35198974609375, 298.67669677734375 ],
				"bottom_right": [ 1027.587158203125, 770.98779296875 ]
			},
			"cuboid": [
				[ -107.67099761962891, 64.791702270507812, 187.69400024414062 ],
				[ -58.762199401855469, 15.816800117492676, 242.00619506835938 ],
				[ -54.238399505615234, 77.67230224609375, 293.70941162109375 ],
				[ -103.14720153808594, 126.64720153808594, 239.39729309082031 ],
				[ -170.28709411621094, 40.527698516845703, 222.20100402832031 ],
				[ -121.37830352783203, -8.447199821472168, 276.51321411132812 ],
				[ -116.85449981689453, 53.408298492431641, 328.21640014648438 ],
				[ -165.7633056640625, 102.38320159912109, 273.90420532226562 ]
			],
			"projected_cuboid": [
				[ 409.29489135742188, 871.390380859375 ],
				[ 726.9000244140625, 602.74249267578125 ],
				[ 782.7200927734375, 793.87457275390625 ],
				[ 546.3729248046875, 1047.8642578125 ],
				[ 224.29010009765625, 715.09619140625 ],
				[ 538.5985107421875, 510.67279052734375 ],
				[ 618.21270751953125, 696.21392822265625 ],
				[ 379.02099609375, 898.8402099609375 ]
			]
		}
	]
}