{
	"camera_data":
	{
		"location_worldframe": [ 114.19529724121094, 234.26190185546875, 245 ],
		"quaternion_xyzw_worldframe": [ 0.28839999437332153, 0.18379999697208405, -0.83350002765655518, 0.43389999866485596 ]
	},
	"objects": [
		{
			"class": "SM_Sofa",
			"instance_id": 0,
			"visibility": 0.66329997777938843,
			"location": [ 57.721500396728516, -25.122699737548828, 357.54098510742188 ],
			"quaternion_xyzw": [ 0.18379999697208405, 0.83350002765655518, 0.28839999437332153, 0.43389999866485596 ],
			"pose_transform": [
				[ 0.82940000295639038, 0.321399986743927, -0.45699998736381531, 0 ],
				[ -0.555899977684021, 0.55669999122619629, -0.61729997396469116, 0 ],
				[ -0.056000001728534698, -0.76609998941421509, -0.64029997587203979, 0 ],
				[ 57.721500396728516, -25.122699737548828, 357.54098510742188, 1 ]
			],
			"cuboid_centroid": [ 57.721500396728516, -25.122699737548828, 357.54098510742188 ],
			"projected_cuboid_centroid": [ 1114.9827880859375, 472.54541015625 ],
			"bounding_box":
			{
				"top_left": [ 280.6990966796875, 772.43377685546875 ],
				"bottom_right": [ 779.0244140625, 1546.607177734375 ]
			},
			"cuboid": [
				[ 135.86259460449219, 14.843700408935547, 242.20730590820312 ],
				[ 191.4613037109375, -40.8302001953125, 303.948486328125 ],
				[ 195.81520080566406, 18.702699661254883, 353.71038818359375 ],
				[ 140.21650695800781, 74.376602172851562, 291.96920776367188 ],
				[ -80.372299194335938, -68.948097229003906, 361.3717041015625 ],
				[ -24.773599624633789, -124.62200164794922, 423.1129150390625 ],
				[ -20.419700622558594, -65.089103698730469, 472.87478637695312 ],
				[ -76.018402099609375, -9.4152002334594727, 411.13360595703125 ]
			],
			"projected_cuboid": [
				[ 1498.4984130859375, 598.83380126953125 ],
				[ 1564.7176513671875, 411.04071044921875 ],
				[ 1491.4593505859375, 590.76092529296875 ],
				[ 1421.0350341796875, 784.55181884765625 ],
				[ 746.48779296875, 356.83621215820312 ],
				[ 903.7916259765625, 257.24530029296875 ],
				[ 918.54559326171875, 407.86029052734375 ],
				[ 782.49700927734375, 518.015380859375 ]
			]
		},
		{
			"class": "SM_Armchair",
			"instance_id": 0,
			"visibility": 0.89899998903274536,
			"location": [ -188.22669982910156, -26.711799621582031, 368.30819702148438 ],
			"quaternion_xyzw": [ 0.34070000052452087, 0.1632000058889389, 0.029799999669194221, 0.9254000186920166 ],
			"pose_transform": [
				[ 0.32229998707771301, -0.62089997529983521, 0.71460002660751343, 0 ],
				[ 0.94499999284744263, 0.1664000004529953, -0.28169998526573181, 0 ],
				[ -0.056000001728534698, -0.76609998941421509, -0.64029997587203979, 0 ],
				[ -188.22669982910156, -26.711799621582031, 368.30819702148438, 1 ]
			],
			"cuboid_centroid": [ -188.22669982910156, -26.711799621582031, 368.30819702148438 ],
			"projected_cuboid_centroid": [ 469.38519287109375, 470.37530517578125 ],
			"bounding_box":
			{
				"top_left": [ 329.84188842773438, 265.36648559570312 ],
				"bottom_right": [ 624.06329345703125, 638.1710205078125 ]
			},
			"cuboid": [
				[ -136.75199890136719, -73.759696960449219, 357.04031372070312 ],
				[ -219.89039611816406, -88.39520263671875, 381.82391357421875 ],
				[ -215.36659240722656, -26.539699554443359, 433.52719116210938 ],
				[ -132.22819519042969, -11.904199600219727, 408.74359130859375 ],
				[ -161.08680725097656, -26.883800506591797, 303.08920288085938 ],
				[ -244.22509765625, -41.519401550292969, 327.872802734375 ],
				[ -239.7012939453125, 20.336200714111328, 379.57598876953125 ],
				[ -156.56300354003906, 34.971698760986328, 354.79251098632812 ]
			],
			"projected_cuboid": [
				[ 592.305419921875, 341.67691040039062 ],
				[ 407.14138793945312, 317.75228881835938 ],
				[ 483.09390258789062, 481.23049926757812 ],
				[ 649.44122314453125, 512.041015625 ],
				[ 449.77679443359375, 454.8485107421875 ],
				[ 244.91789245605469, 418.43258666992188 ],
				[ 353.76278686523438, 591.43280029296875 ],
				[ 536.3712158203125, 634.6265869140625 ]
			]
		},
		{
			"class": "SM_Coffe_Table_2",
			"instance_id": 0,
			"visibility": 0.97869998216629028,
			"location": [ 15.490200042724609, 52.742900848388672, 282.94369506835938 ],
			"quaternion_xyzw": [ 0.18379999697208405, 0.83350002765655518, 0.28839999437332153, 0.43389999866485596 ],
			"pose_transform": [
				[ 0.82940000295639038, 0.321399986743927, -0.45699998736381531, 0 ],
				[ -0.555899977684021, 0.55669999122619629, -0.61729997396469116, 0 ],
				[ -0.056000001728534698, -0.76609998941421509, -0.64029997587203979, 0 ],
				[ 15.490200042724609, 52.742900848388672, 282.94369506835938, 1 ]
			],
			"cuboid_centroid": [ 15.490200042724609, 52.742900848388672, 282.94369506835938 ],
			"projected_cuboid_centroid": [ 1012.5571899414062, 718.951416015625 ],
			"bounding_box":
			{
				"top_left": [ 598.13177490234375, 903.5723876953125 ],
				"bottom_right": [ 842.65179443359375, 1123.3555908203125 ]
			},
			"cuboid": [
				[ 22.274999618530273, 63.0885009765625, 239.50210571289062 ],
				[ 54.300899505615234, 31.01930046081543, 275.06619262695312 ],
				[ 56.487098693847656, 60.912899017333984, 300.05340576171875 ],
				[ 24.461299896240234, 92.982101440429688, 264.48928833007812 ],
				[ -25.50670051574707, 44.572898864746094, 265.83401489257812 ],
				[ 6.5191998481750488, 12.503700256347656, 301.39810180664062 ],
				[ 8.7054004669189453, 42.397300720214844, 326.38531494140625 ],
				[ -23.320400238037109, 74.466499328613281, 290.82119750976562 ]
			],
			"projected_cuboid": [
				[ 1049.28564453125, 792.87860107421875 ],
				[ 1149.51416015625, 648.259521484375 ],
				[ 1140.7271728515625, 734.8865966796875 ],
				[ 1048.7857666015625, 877.4912109375 ],
				[ 867.88861083984375, 700.96490478515625 ],
				[ 980.7650146484375, 579.826171875 ],
				[ 985.60577392578125, 664.70361328125 ],
				[ 883.019775390625, 785.813720703125 ]
			]
		},
		{
			"class": "SM_Opened_Book",
			"instance_id": 0,
			"visibility": 1,
			"location": [ -10.248499870300293, 144.49879455566406, 264.3070068359375 ],
			"quaternion_xyzw": [ -0.43830001354217529, -0.50449997186660767, -0.71350002288818359, 0.21050000190734863 ],
			"pose_transform": [
				[ 0.41299998760223389, 0.90439999103546143, 0.10670000314712524, 0 ],
				[ -0.52719998359680176, 0.14190000295639038, 0.83780002593994141, 0 ],
				[ -0.74260002374649048, 0.40230000019073486, -0.53539997339248657, 0 ],
				[ -10.248499870300293, 144.49879455566406, 264.3070068359375, 1 ]
			],
			"cuboid_centroid": [ -10.248499870300293, 144.49879455566406, 264.3070068359375 ],
			"projected_cuboid_centroid": [ 922.77642822265625, 1064.83984375 ],
			"bounding_box":
			{
				"top_left": [ 987.04638671875, 873.3677978515625 ],
				"bottom_right": [ 1135.287841796875, 982.95538330078125 ]
			},
			"cuboid": [
				[ -10.464400291442871, 164.79299926757812, 275.02120971679688 ],
				[ 2.1563999652862549, 161.39630126953125, 254.96420288085938 ],
				[ 6.0004000663757324, 159.31390380859375, 257.73568725585938 ],
				[ -6.6203999519348145, 162.71060180664062, 277.79269409179688 ],
				[ -26.497400283813477, 129.68370056152344, 270.8782958984375 ],
				[ -13.87660026550293, 126.28700256347656, 250.82130432128906 ],
				[ -10.032500267028809, 124.20459747314453, 253.59280395507812 ],
				[ -22.653400421142578, 127.6011962890625, 273.64990234375 ]
			],
			"projected_cuboid": [
				[ 923.4727783203125, 1115.2330322265625 ],
				[ 968.11962890625, 1147.6949462890625 ],
				[ 982.35040283203125, 1133.4034423828125 ],
				[ 937.12139892578125, 1102.29736328125 ],
				[ 866.0927734375, 999.60260009765625 ],
				[ 906.8887939453125, 1023.3541870117188 ],
				[ 922.02117919921875, 1010.1881713867188 ],
				[ 880.5291748046875, 987.6422119140625 ]
			]
		},
		{
			"class": "SM_Cup",
			"instance_id": 0,
			"visibility": 1,
			"location": [ 102.910400390625, -25.219200134277344, 187.91090393066406 ],
			"quaternion_xyzw": [ 0.01119999960064888, 0.65560001134872437, -0.67589998245239258, -0.33649998903274536 ],
			"pose_transform": [
				[ -0.45640000700950623, -0.87870001792907715, 0.14010000228881836, 0 ],
				[ -0.77329999208450317, 0.46950000524520874, 0.4260999858379364, 0 ],
				[ 0.44010001420974731, -0.086099997162818909, 0.89380002021789551, 0 ],
				[ 102.910400390625, -25.219200134277344, 187.91090393066406, 1 ]
			],
			"cuboid_centroid": [ 102.910400390625, -25.219200134277344, 187.91090393066406 ],
			"projected_cuboid_centroid": [ 1485.7496337890625, 411.16018676757812 ],
			"bounding_box":
			{
				"top_left": [ 366.510986328125, 1436.9041748046875 ],
				"bottom_right": [ 454.95950317382812, 1537.686767578125 ]
			},
			"cuboid": [
				[ 94.622703552246094, -28.694999694824219, 195.11070251464844 ],
				[ 106.75550079345703, -36.061500549316406, 188.42599487304688 ],
				[ 104.03829956054688, -35.529800415039062, 182.90840148925781 ],
				[ 91.905502319335938, -28.163299560546875, 189.59300231933594 ],
				[ 101.78250122070312, -14.908599853515625, 192.91340637207031 ],
				[ 113.91529846191406, -22.275100708007812, 186.22869873046875 ],
				[ 111.19819641113281, -21.743400573730469, 180.71110534667969 ],
				[ 99.065299987792969, -14.376899719238281, 187.39570617675781 ]
			],
			"projected_cuboid": [
				[ 1425.57080078125, 398.81259155273438 ],
				[ 1503.9022216796875, 356.272705078125 ],
				[ 1506.048828125, 353.52099609375 ],
				[ 1425.36181640625, 397.39599609375 ],
				[ 1466.50341796875, 465.80990600585938 ],
				[ 1547.2283935546875, 425.17291259765625 ],
				[ 1550.7236328125, 424.49148559570312 ],
				[ 1467.4971923828125, 466.34930419921875 ]
			]
		},
		{
			"class": "SM_Coffe_Table_2",
			"instance_id": 0,
			"visibility": 0.71109998226165771,
			"location": [ -167.73420715332031, 61.160099029541016, 262.13238525390625 ],
			"quaternion_xyzw": [ 0.18379999697208405, 0.83350002765655518, 0.28839999437332153, 0.43389999866485596 ],
			"pose_transform": [
				[ 0.82940000295639038, 0.321399986743927, -0.45699998736381531, 0 ],
				[ -0.555899977684021, 0.55669999122619629, -0.61729997396469116, 0 ],
				[ -0.056000001728534698, -0.76609998941421509, -0.64029997587203979, 0 ],
				[ -167.73420715332031, 61.160099029541016, 262.13238525390625, 1 ]
			],
			"cuboid_centroid": [ -167.73420715332031, 61.160099029541016, 262.13238525390625 ],
			"projected_cuboid_centroid": [ 345.71209716796875, 763.984619140625 ],
			"bounding_box":
			{
				"top_left": [ 632.17559814453125, 171.49960327148438 ],
				"bottom_right": [ 899.61260986328125, 483.92608642578125 ]
			},
			"cuboid": [
				[ -160.94949340820312, 71.505699157714844, 218.6907958984375 ],
				[ -128.92359924316406, 39.4364013671875, 254.25489807128906 ],
				[ -126.73729705810547, 69.330101013183594, 279.24209594726562 ],
				[ -158.76319885253906, 101.39929962158203, 243.67799377441406 ],
				[ -208.73109436035156, 52.990100860595703, 245.022705078125 ],
				[ -176.70530700683594, 20.920900344848633, 280.5867919921875 ],
				[ -174.51899719238281, 50.814498901367188, 305.57400512695312 ],
				[ -206.54490661621094, 82.883697509765625, 270.0098876953125 ]
			],
			"projected_cuboid": [
				[ 253.47099304199219, 853.892578125 ],
				[ 473.21859741210938, 688.901611328125 ],
				[ 524.29302978515625, 778.34808349609375 ],
				[ 334.53298950195312, 939.4749755859375 ],
				[ 142.19099426269531, 747.61517333984375 ],
				[ 355.42080688476562, 611.57861328125 ],
				[ 411.72650146484375, 699.64007568359375 ],
				[ 225.64570617675781, 834.6865234375 ]
			]
		},
		{
			"class": "SM_Armchair",
			"instance_id": 0,
			"visibility": 0.94520002603530884,
			"location": [ -107.92690277099609, 49.825698852539062, 268.910400390625 ],
			"quaternion_xyzw": [ 0.18379999697208405, 0.83350002765655518, 0.28839999437332153, 0.43389999866485596 ],
			"pose_transform": [
				[ 0.82940000295639038, 0.321399986743927, -0.45699998736381531, 0 ],
				[ -0.555899977684021, 0.55669999122619629, -0.61729997396469116, 0 ],
				[ -0.056000001728534698, -0.76609998941421509, -0.64029997587203979, 0 ],
				[ -107.92690277099609, 49.825698852539062, 268.910400390625, 1 ]
			],
			"cuboid_centroid": [ -107.92690277099609, 49.825698852539062, 268.910400390625 ],
			"projected_cuboid_centroid": [ 574.705322265625, 717.87579345703125 ],
			"bounding_box":
			{
				"top_left": [ 503.73678588867188, 344.11050415039062 ],
				"bottom_right": [ 971.32159423828125, 791.31689453125 ]
			},
			"cuboid": [
				[ -103.33519744873047, 55.517398834228516, 198.64920043945312 ],
				[ -54.426399230957031, 6.5425000190734863, 252.9613037109375 ],
				[ -49.902599334716797, 68.398002624511719, 304.66461181640625 ],
				[ -98.8114013671875, 117.37290191650391, 250.35240173339844 ],
				[ -165.9512939453125, 31.253400802612305, 233.15620422363281 ],
				[ -117.04250335693359, -17.721500396728516, 287.46829223632812 ],
				[ -112.51869964599609, 44.133998870849609, 339.17160034179688 ],
				[ -161.42750549316406, 93.108901977539062, 284.85940551757812 ]
			],
			"projected_cuboid": [
				[ 460.61880493164062, 808.29541015625 ],
				[ 753.4495849609375, 564.82891845703125 ],
				[ 802.75689697265625, 755.52239990234375 ],
				[ 581.09881591796875, 990.077392578125 ],
				[ 276.710693359375, 668.68292236328125 ],
				[ 569.13702392578125, 480.81890869140625 ],
				[ 641.5244140625, 664.91802978515625 ],
				[ 415.97628784179688, 853.7847900390625 ]
			]
		}
	]
}