{
	"camera_data":
	{
		"location_worldframe": [ 114.19529724121094, 234.26190185546875, 245 ],
		"quaternion_xyzw_worldframe": [ 0.28839999437332153, 0.18379999697208405, -0.83350002765655518, 0.43389999866485596 ]
	},
	"objects": [
		{
			"class": "SM_Sofa",
			"instance_id": 0,
			"visibility": 0.64289999008178711,
			"location": [ 57.721500396728516, -25.122699737548828, 357.54098510742188 ],
			"quaternion_xyzw": [ 0.18379999697208405, 0.83350002765655518, 0.28839999437332153, 0.43389999866485596 ],
			"pose_transform": [
				[ 0.82940000295639038, 0.321399986743927, -0.45699998736381531, 0 ],
				[ -0.555899977684021, 0.55669999122619629, -0.61729997396469116, 0 ],
				[ -0.056000001728534698, -0.76609998941421509, -0.64029997587203979, 0 ],
				[ 57.721500396728516, -25.122699737548828, 357.54098510742188, 1 ]
			],
			"cuboid_centroid": [ 57.721500396728516, -25.122699737548828, 357.54098510742188 ],
			"projected_cuboid_centroid": [ 1114.9827880859375, 472.54541015625 ],
			"bounding_box":
			{
				"top_left": [ 280.6990966796875, 772.43377685546875 ],
				"bottom_right": [ 779.0244140625, 1546.607177734375 ]
			},
			"cuboid": [
				[ 135.86259460449219, 14.843700408935547, 242.20730590820312 ],
				[ 191.4613037109375, -40.8302001953125, 303.948486328125 ],
				[ 195.81520080566406, 18.702699661254883, 353.71038818359375 ],
				[ 140.21650695800781, 74.376602172851562, 291.96920776367188 ],
				[ -80.372299194335938, -68.948097229003906, 361.3717041015625 ],
				[ -24.773599624633789, -124.62200164794922, 423.1129150390625 ],
				[ -20.419700622558594, -65.089103698730469, 472.87478637695312 ],
				[ -76.018402099609375, -9.4152002334594727, 411.13360595703125 ]
			],
			"projected_cuboid": [
				[ 1498.4984130859375, 598.83380126953125 ],
				[ 1564.7176513671875, 411.04071044921875 ],
				[ 1491.4593505859375, 590.76092529296875 ],
				[ 1421.0350341796875, 784.55181884765625 ],
				[ 746.48779296875, 356.83621215820312 ],
				[ 903.7916259765625, 257.24530029296875 ],
				[ 918.54559326171875, 407.86029052734375 ],
				[ 782.49700927734375, 518.015380859375 ]
			]
		},
		{
			"class": "SM_Armchair",
			"instance_id": 0,
			"visibility": 0.86870002746582031,
			"location": [ -206.00199890136719, -8.4008998870849609, 348.21249389648438 ],
			"quaternion_xyzw": [ 0.34070000052452087, 0.1632000058889389, 0.029799999669194221, 0.9254000186920166 ],
			"pose_transform": [
				[ 0.32229998707771301, -0.62089997529983521, 0.71460002660751343, 0 ],
				[ 0.94499999284744263, 0.1664000004529953, -0.28169998526573181, 0 ],
				[ -0.056000001728534698, -0.76609998941421509, -0.64029997587203979, 0 ],
				[ -206.00199890136719, -8.4008998870849609, 348.21249389648438, 1 ]
			],
			"cuboid_centroid": [ -206.00199890136719, -8.4008998870849609, 348.21249389648438 ],
			"projected_cuboid_centroid": [ 392.06600952148438, 516.83917236328125 ],
			"bounding_box":
			{
				"top_left": [ 367.66659545898438, 166.156494140625 ],
				"bottom_right": [ 681.14581298828125, 577.0833740234375 ]
			},
			"cuboid": [
				[ -154.52729797363281, -55.448799133300781, 336.94461059570312 ],
				[ -237.66569519042969, -70.084297180175781, 361.72821044921875 ],
				[ -233.14190673828125, -8.2287998199462891, 413.431396484375 ],
				[ -150.00349426269531, 6.4067001342773438, 388.64788818359375 ],
				[ -178.86210632324219, -8.5728998184204102, 282.99349975585938 ],
				[ -262.00039672851562, -23.208499908447266, 307.777099609375 ],
				[ -257.47671508789062, 38.647098541259766, 359.48040771484375 ],
				[ -174.33830261230469, 53.282600402832031, 334.69680786132812 ]
			],
			"projected_cuboid": [
				[ 519.73162841796875, 382.01889038085938 ],
				[ 329.25311279296875, 354.0010986328125 ],
				[ 418.63800048828125, 520.89239501953125 ],
				[ 589.47637939453125, 555.8251953125 ],
				[ 353.24600219726562, 510.91790771484375 ],
				[ 142.78419494628906, 467.60931396484375 ],
				[ 272.40350341796875, 643.20758056640625 ],
				[ 459.95159912109375, 692.82861328125 ]
			]
		},
		{
			"class": "SM_Coffe_Table_2",
			"instance_id": 0,
			"visibility": 0.95740002393722534,
			"location": [ 8.8852996826171875, 40.319698333740234, 298.573486328125 ],
			"quaternion_xyzw": [ 0.18379999697208405, 0.83350002765655518, 0.28839999437332153, 0.43389999866485596 ],
			"pose_transform": [
				[ 0.82940000295639038, 0.321399986743927, -0.45699998736381531, 0 ],
				[ -0.555899977684021, 0.55669999122619629, -0.61729997396469116, 0 ],
				[ -0.056000001728534698, -0.76609998941421509, -0.64029997587203979, 0 ],
				[ 8.8852996826171875, 40.319698333740234, 298.573486328125, 1 ]
			],
			"cuboid_centroid": [ 8.8852996826171875, 40.319698333740234, 298.573486328125 ],
			"projected_cuboid_centroid": [ 988.56939697265625, 669.639404296875 ],
			"bounding_box":
			{
				"top_left": [ 556.63970947265625, 884.86798095703125 ],
				"bottom_right": [ 784.9918212890625, 1091.6136474609375 ]
			},
			"cuboid": [
				[ 15.670100212097168, 50.665199279785156, 255.13189697265625 ],
				[ 47.695999145507812, 18.596000671386719, 290.69601440429688 ],
				[ 49.882301330566406, 48.489700317382812, 315.68319702148438 ],
				[ 17.856399536132812, 80.55889892578125, 280.11911010742188 ],
				[ -32.111598968505859, 32.149700164794922, 281.46380615234375 ],
				[ -0.085699997842311859, 0.080499999225139618, 317.02789306640625 ],
				[ 2.100600004196167, 29.974100112915039, 342.01510620117188 ],
				[ -29.925300598144531, 62.043300628662109, 306.45098876953125 ]
			],
			"projected_cuboid": [
				[ 1018.9631958007812, 730.64117431640625 ],
				[ 1117.5125732421875, 601.4119873046875 ],
				[ 1111.693359375, 687.45819091796875 ],
				[ 1021.1962280273438, 816.08441162109375 ],
				[ 850.4761962890625, 649.65411376953125 ],
				[ 959.74078369140625, 540.24371337890625 ],
				[ 965.89642333984375, 624.13397216796875 ],
				[ 866.25518798828125, 734.35906982421875 ]
			]
		},
		{
			"class": "SM_Opened_Book",
			"instance_id": 0,
			"visibility": 1,
			"location": [ 12.182499885559082, 140.57820129394531, 258.74191284179688 ],
			"quaternion_xyzw": [ -0.61510002613067627, -0.20589999854564667, -0.56499999761581421, 0.50989997386932373 ],
			"pose_transform": [
				[ 0.48500001430511475, 0.86000001430511475, 0.15860000252723694, 0 ],
				[ 0.27669999003410339, -0.32300001382827759, 0.90509998798370361, 0 ],
				[ -0.82959997653961182, 0.39509999752044678, 0.39460000395774841, 0 ],
				[ 12.182499885559082, 140.57820129394531, 258.74191284179688, 1 ]
			],
			"cuboid_centroid": [ 12.182499885559082, 140.57820129394531, 258.74191284179688 ],
			"projected_cuboid_centroid": [ 1005.2006225585938, 1061.581787109375 ],
			"bounding_box":
			{
				"top_left": [ 969.7105712890625, 958.36798095703125 ],
				"bottom_right": [ 1155.8314208984375, 1056.1741943359375 ]
			},
			"cuboid": [
				[ 22.76140022277832, 154.42680358886719, 273.67498779296875 ],
				[ 16.137800216674805, 162.15840148925781, 252.00810241699219 ],
				[ 20.431999206542969, 160.11320495605469, 249.96549987792969 ],
				[ 27.055599212646484, 152.38160705566406, 271.63250732421875 ],
				[ 3.9330999851226807, 121.04309844970703, 267.5181884765625 ],
				[ -2.690500020980835, 128.77479553222656, 245.85130310058594 ],
				[ 1.603600025177002, 126.72959899902344, 243.80870056152344 ],
				[ 8.2271995544433594, 118.99790191650391, 265.4755859375 ]
			],
			"projected_cuboid": [
				[ 1039.843017578125, 1081.6998291015625 ],
				[ 1021.475830078125, 1157.7265625 ],
				[ 1038.4698486328125, 1154.9197998046875 ],
				[ 1055.6197509765625, 1078.5450439453125 ],
				[ 974.1143798828125, 974.36822509765625 ],
				[ 949.494384765625, 1042.839599609375 ],
				[ 966.3145751953125, 1038.9993896484375 ],
				[ 989.751220703125, 970.31439208984375 ]
			]
		},
		{
			"class": "SM_Cup",
			"instance_id": 0,
			"visibility": 1,
			"location": [ 11.748900413513184, -65.868598937988281, 262.06698608398438 ],
			"quaternion_xyzw": [ -0.23479999601840973, -0.42300000786781311, -0.75520002841949463, 0.44220000505447388 ],
			"pose_transform": [
				[ -0.01940000057220459, 0.8465999960899353, 0.53189998865127563, 0 ],
				[ -0.49860000610351562, -0.46930000185966492, 0.72879999876022339, 0 ],
				[ -0.86659997701644897, 0.25110000371932983, -0.43130001425743103, 0 ],
				[ 11.748900413513184, -65.868598937988281, 262.06698608398438, 1 ]
			],
			"cuboid_centroid": [ 11.748900413513184, -65.868598937988281, 262.06698608398438 ],
			"projected_cuboid_centroid": [ 1003.0390014648438, 298.71121215820312 ],
			"bounding_box":
			{
				"top_left": [ 265.53659057617188, 984.81121826171875 ],
				"bottom_right": [ 330.10089111328125, 1027.4053955078125 ]
			},
			"cuboid": [
				[ 5.0100998878479004, -62.133499145507812, 270.62521362304688 ],
				[ 12.833600044250488, -54.770999908447266, 259.19100952148438 ],
				[ 18.183300018310547, -56.320899963378906, 261.85330200195312 ],
				[ 10.35990047454834, -63.683399200439453, 273.28759765625 ],
				[ 5.3145999908447266, -75.416297912597656, 262.28070068359375 ],
				[ 13.137999534606934, -68.053703308105469, 250.84649658203125 ],
				[ 18.487800598144531, -69.603599548339844, 253.50880432128906 ],
				[ 10.664299964904785, -76.966201782226562, 264.943115234375 ]
			],
			"projected_cuboid": [
				[ 977.77301025390625, 319.5911865234375 ],
				[ 1007.5339965820312, 337.13751220703125 ],
				[ 1026.663818359375, 333.5177001953125 ],
				[ 996.39239501953125, 316.29379272460938 ],
				[ 979.45281982421875, 263.9613037109375 ],
				[ 1010.2802124023438, 279.55560302734375 ],
				[ 1030.0107421875, 276.42129516601562 ],
				[ 998.6416015625, 261.11911010742188 ]
			]
		},
		{
			"class": "SM_Coffe_Table_2",
			"instance_id": 0,
			"visibility": 0.3635999858379364,
			"location": [ -124.37619781494141, -2.5559000968933105, 334.63470458984375 ],
			"quaternion_xyzw": [ 0.18379999697208405, 0.83350002765655518, 0.28839999437332153, 0.43389999866485596 ],
			"pose_transform": [
				[ 0.82940000295639038, 0.321399986743927, -0.45699998736381531, 0 ],
				[ -0.555899977684021, 0.55669999122619629, -0.61729997396469116, 0 ],
				[ -0.056000001728534698, -0.76609998941421509, -0.64029997587203979, 0 ],
				[ -124.37619781494141, -2.5559000968933105, 334.63470458984375, 1 ]
			],
			"cuboid_centroid": [ -124.37619781494141, -2.5559000968933105, 334.63470458984375 ],
			"projected_cuboid_centroid": [ 603.19000244140625, 532.6676025390625 ],
			"bounding_box":
			{
				"top_left": [ 435.73239135742188, 490.4849853515625 ],
				"bottom_right": [ 631.131591796875, 699.95831298828125 ]
			},
			"cuboid": [
				[ -117.59140014648438, 7.7897000312805176, 291.193115234375 ],
				[ -85.565597534179688, -24.279499053955078, 326.7572021484375 ],
				[ -83.379302978515625, 5.6140999794006348, 351.744384765625 ],
				[ -115.40519714355469, 37.683300018310547, 316.1802978515625 ],
				[ -165.37309265136719, -10.725899696350098, 317.52499389648438 ],
				[ -133.34730529785156, -42.795101165771484, 353.089111328125 ],
				[ -131.16099548339844, -12.90149974822998, 378.0762939453125 ],
				[ -163.18679809570312, 19.167699813842773, 342.51220703125 ]
			],
			"projected_cuboid": [
				[ 572.32720947265625, 565.6807861328125 ],
				[ 708.61212158203125, 468.6676025390625 ],
				[ 732.43701171875, 555.32220458984375 ],
				[ 609.6024169921875, 654.41558837890625 ],
				[ 460.01409912109375, 507.5714111328125 ],
				[ 597.4478759765625, 423.64599609375 ],
				[ 626.96038818359375, 507.24081420898438 ],
				[ 502.6171875, 593.7235107421875 ]
			]
		},
		{
			"class": "SM_Armchair",
			"instance_id": 0,
			"visibility": 0.6437000036239624,
			"location": [ -104.37879943847656, 4.7972002029418945, 322.5657958984375 ],
			"quaternion_xyzw": [ 0.18379999697208405, 0.83350002765655518, 0.28839999437332153, 0.43389999866485596 ],
			"pose_transform": [
				[ 0.82940000295639038, 0.321399986743927, -0.45699998736381531, 0 ],
				[ -0.555899977684021, 0.55669999122619629, -0.61729997396469116, 0 ],
				[ -0.056000001728534698, -0.76609998941421509, -0.64029997587203979, 0 ],
				[ -104.37879943847656, 4.7972002029418945, 322.5657958984375, 1 ]
			],
			"cuboid_centroid": [ -104.37879943847656, 4.7972002029418945, 322.5657958984375 ],
			"projected_cuboid_centroid": [ 649.35479736328125, 554.2772216796875 ],
			"bounding_box":
			{
				"top_left": [ 380.16259765625, 463.73110961914062 ],
				"bottom_right": [ 755.0111083984375, 825.89459228515625 ]
			},
			"cuboid": [
				[ -99.787002563476562, 10.488900184631348, 252.30459594726562 ],
				[ -50.878299713134766, -38.486000061035156, 306.61679077148438 ],
				[ -46.354499816894531, 23.369499206542969, 358.32009887695312 ],
				[ -95.263198852539062, 72.344497680664062, 304.00790405273438 ],
				[ -162.40310668945312, -13.774999618530273, 286.81161499023438 ],
				[ -113.49440002441406, -62.75, 341.12380981445312 ],
				[ -108.97059631347656, -0.89440000057220459, 392.82699584960938 ],
				[ -157.87930297851562, 48.080501556396484, 338.514892578125 ]
			],
			"projected_cuboid": [
				[ 580.31829833984375, 579.90948486328125 ],
				[ 800.70330810546875, 419.50250244140625 ],
				[ 835.80889892578125, 602.61090087890625 ],
				[ 659.1768798828125, 768.4501953125 ],
				[ 416.41360473632812, 493.89279174804688 ],
				[ 640.601318359375, 363.40719604492188 ],
				[ 693.69549560546875, 537.8140869140625 ],
				[ 512.2677001953125, 676.35211181640625 ]
			]
		}
	]
}