{
	"camera_data":
	{
		"location_worldframe": [ 114.19529724121094, 234.26190185546875, 245 ],
		"quaternion_xyzw_worldframe": [ 0.28839999437332153, 0.18379999697208405, -0.83350002765655518, 0.43389999866485596 ]
	},
	"objects": [
		{
			"class": "SM_Sofa",
			"instance_id": 0,
			"visibility": 0.59179997444152832,
			"location": [ 57.721500396728516, -25.122699737548828, 357.54098510742188 ],
			"quaternion_xyzw": [ 0.18379999697208405, 0.83350002765655518, 0.28839999437332153, 0.43389999866485596 ],
			"pose_transform": [
				[ 0.82940000295639038, 0.321399986743927, -0.45699998736381531, 0 ],
				[ -0.555899977684021, 0.55669999122619629, -0.61729997396469116, 0 ],
				[ -0.056000001728534698, -0.76609998941421509, -0.64029997587203979, 0 ],
				[ 57.721500396728516, -25.122699737548828, 357.54098510742188, 1 ]
			],
			"cuboid_centroid": [ 57.721500396728516, -25.122699737548828, 357.54098510742188 ],
			"projected_cuboid_centroid": [ 1114.9827880859375, 472.54541015625 ],
			"bounding_box":
			{
				"top_left": [ 280.6990966796875, 772.43377685546875 ],
				"bottom_right": [ 779.0244140625, 1546.607177734375 ]
			},
			"cuboid": [
				[ 135.86259460449219, 14.843700408935547, 242.20730590820312 ],
				[ 191.4613037109375, -40.8302001953125, 303.948486328125 ],
				[ 195.81520080566406, 18.702699661254883, 353.71038818359375 ],
				[ 140.21650695800781, 74.376602172851562, 291.96920776367188 ],
				[ -80.372299194335938, -68.948097229003906, 361.3717041015625 ],
				[ -24.773599624633789, -124.62200164794922, 423.1129150390625 ],
				[ -20.419700622558594, -65.089103698730469, 472.87478637695312 ],
				[ -76.018402099609375, -9.4152002334594727, 411.13360595703125 ]
			],
			"projected_cuboid": [
				[ 1498.4984130859375, 598.83380126953125 ],
				[ 1564.7176513671875, 411.04071044921875 ],
				[ 1491.4593505859375, 590.76092529296875 ],
				[ 1421.0350341796875, 784.55181884765625 ],
				[ 746.48779296875, 356.83621215820312 ],
				[ 903.7916259765625, 257.24530029296875 ],
				[ 918.54559326171875, 407.86029052734375 ],
				[ 782.49700927734375, 518.015380859375 ]
			]
		},
		{
			"class": "SM_Armchair",
			"instance_id": 0,
			"visibility": 0.89899998903274536,
			"location": [ -197.58819580078125, -8.4589996337890625, 348.0447998046875 ],
			"quaternion_xyzw": [ 0.34070000052452087, 0.1632000058889389, 0.029799999669194221, 0.9254000186920166 ],
			"pose_transform": [
				[ 0.32229998707771301, -0.62089997529983521, 0.71460002660751343, 0 ],
				[ 0.94499999284744263, 0.1664000004529953, -0.28169998526573181, 0 ],
				[ -0.056000001728534698, -0.76609998941421509, -0.64029997587203979, 0 ],
				[ -197.58819580078125, -8.4589996337890625, 348.0447998046875, 1 ]
			],
			"cuboid_centroid": [ -197.58819580078125, -8.4589996337890625, 348.0447998046875 ],
			"projected_cuboid_centroid": [ 414.99990844726562, 516.667724609375 ],
			"bounding_box":
			{
				"top_left": [ 367.426513671875, 191.57470703125 ],
				"bottom_right": [ 681.0504150390625, 597.84918212890625 ]
			},
			"cuboid": [
				[ -146.11349487304688, -55.506900787353516, 336.77688598632812 ],
				[ -229.25180053710938, -70.142501831054688, 361.56048583984375 ],
				[ -224.72799682617188, -8.2869997024536133, 413.26370239257812 ],
				[ -141.58970642089844, 6.348599910736084, 388.48019409179688 ],
				[ -170.44819641113281, -8.6310997009277344, 282.8258056640625 ],
				[ -253.58670043945312, -23.266599655151367, 307.60940551757812 ],
				[ -249.06289672851562, 38.588901519775391, 359.31271362304688 ],
				[ -165.92439270019531, 53.224498748779297, 334.52911376953125 ]
			],
			"projected_cuboid": [
				[ 543.49639892578125, 381.77450561523438 ],
				[ 351.30068969726562, 353.760498046875 ],
				[ 437.9635009765625, 520.74951171875 ],
				[ 610.1083984375, 555.68829345703125 ],
				[ 381.4453125, 510.70330810546875 ],
				[ 168.59689331054688, 467.38839721679688 ],
				[ 294.56240844726562, 643.10040283203125 ],
				[ 483.84600830078125, 692.7384033203125 ]
			]
		},
		{
			"class": "SM_Coffe_Table_2",
			"instance_id": 0,
			"visibility": 0.92779999971389771,
			"location": [ 11.997699737548828, 25.85260009765625, 315.33920288085938 ],
			"quaternion_xyzw": [ 0.18379999697208405, 0.83350002765655518, 0.28839999437332153, 0.43389999866485596 ],
			"pose_transform": [
				[ 0.82940000295639038, 0.321399986743927, -0.45699998736381531, 0 ],
				[ -0.555899977684021, 0.55669999122619629, -0.61729997396469116, 0 ],
				[ -0.056000001728534698, -0.76609998941421509, -0.64029997587203979, 0 ],
				[ 11.997699737548828, 25.85260009765625, 315.33920288085938, 1 ]
			],
			"cuboid_centroid": [ 11.997699737548828, 25.85260009765625, 315.33920288085938 ],
			"projected_cuboid_centroid": [ 996.525390625, 618.7039794921875 ],
			"bounding_box":
			{
				"top_left": [ 513.19451904296875, 898.63140869140625 ],
				"bottom_right": [ 726.11328125, 1094.244384765625 ]
			},
			"cuboid": [
				[ 18.782400131225586, 36.198200225830078, 271.89761352539062 ],
				[ 50.808300018310547, 4.129000186920166, 307.46170043945312 ],
				[ 52.994598388671875, 34.022598266601562, 332.44891357421875 ],
				[ 20.968700408935547, 66.091796875, 296.88479614257812 ],
				[ -28.999300003051758, 17.682600021362305, 298.2296142578125 ],
				[ 3.0265998840332031, -14.386599540710449, 333.793701171875 ],
				[ 5.2129001617431641, 15.506999969482422, 358.78079223632812 ],
				[ -26.812999725341797, 47.576198577880859, 323.21670532226562 ]
			],
			"projected_cuboid": [
				[ 1026.316162109375, 667.806396484375 ],
				[ 1118.6412353515625, 552.89202880859375 ],
				[ 1113.03076171875, 638.2457275390625 ],
				[ 1027.80419921875, 753.71282958984375 ],
				[ 866.6519775390625, 596.92010498046875 ],
				[ 968.70501708984375, 498.62368774414062 ],
				[ 973.9486083984375, 581.49249267578125 ],
				[ 880.36199951171875, 681.30810546875 ]
			]
		},
		{
			"class": "SM_Opened_Book",
			"instance_id": 0,
			"visibility": 1,
			"location": [ 73.977798461914062, -9.5655002593994141, 203.52070617675781 ],
			"quaternion_xyzw": [ 0.66460001468658447, 0.22789999842643738, -0.36829999089241028, 0.60890001058578491 ],
			"pose_transform": [
				[ -0.21199999749660492, -0.9771999716758728, 0.012799999676644802, 0 ],
				[ 0.62480002641677856, -0.14560000598430634, -0.76709997653961182, 0 ],
				[ -0.75150001049041748, 0.15469999611377716, -0.64139997959136963, 0 ],
				[ 73.977798461914062, -9.5655002593994141, 203.52070617675781, 1 ]
			],
			"cuboid_centroid": [ 73.977798461914062, -9.5655002593994141, 203.52070617675781 ],
			"projected_cuboid_centroid": [ 1308.9510498046875, 494.88009643554688 ],
			"bounding_box":
			{
				"top_left": [ 389.27911376953125, 1239.221435546875 ],
				"bottom_right": [ 589.08929443359375, 1389.961181640625 ]
			},
			"cuboid": [
				[ 75.395599365234375, -29.874500274658203, 192.92680358886719 ],
				[ 60.439300537109375, -26.388599395751953, 211.29150390625 ],
				[ 64.329200744628906, -27.189199447631836, 214.61149597167969 ],
				[ 79.285499572753906, -30.674999237060547, 196.24679565429688 ],
				[ 83.62640380859375, 8.0581998825073242, 192.42979431152344 ],
				[ 68.669998168945312, 11.544099807739258, 210.79460144042969 ],
				[ 72.55999755859375, 10.743499755859375, 214.114501953125 ],
				[ 87.51629638671875, 7.2576999664306641, 195.74980163574219 ]
			],
			"projected_cuboid": [
				[ 1335.1673583984375, 391.34530639648438 ],
				[ 1234.605224609375, 420.10379028320312 ],
				[ 1247.7578125, 418.37750244140625 ],
				[ 1347.849365234375, 389.94390869140625 ],
				[ 1377.1982421875, 580.2012939453125 ],
				[ 1272.7374267578125, 592.57421875 ],
				[ 1285.3289794921875, 588.16961669921875 ],
				[ 1389.1995849609375, 575.59332275390625 ]
			]
		},
		{
			"class": "SM_Cup",
			"instance_id": 0,
			"visibility": 0.56959998607635498,
			"location": [ 108.99549865722656, -36.006198883056641, 265.12149047851562 ],
			"quaternion_xyzw": [ -0.55510002374649048, -0.44470000267028809, -0.27970001101493835, 0.64490002393722534 ],
			"pose_transform": [
				[ -0.26309999823570251, 0.96469998359680176, -0.011900000274181366, 0 ],
				[ 0.44800001382827759, 0.13300000131130219, 0.88410001993179321, 0 ],
				[ -0.85449999570846558, -0.2273000031709671, 0.46720001101493835, 0 ],
				[ 108.99549865722656, -36.006198883056641, 265.12149047851562, 1 ]
			],
			"cuboid_centroid": [ 108.99549865722656, -36.006198883056641, 265.12149047851562 ],
			"projected_cuboid_centroid": [ 1354.6707763671875, 409.6221923828125 ],
			"bounding_box":
			{
				"top_left": [ 378.71749877929688, 1337.3828125 ],
				"bottom_right": [ 441.33819580078125, 1374.2728271484375 ]
			},
			"cuboid": [
				[ 107.80860137939453, -28.09630012512207, 273.40591430664062 ],
				[ 100.77999877929688, -30.183599472045898, 259.53509521484375 ],
				[ 106.05480194091797, -28.780599594116211, 256.65109252929688 ],
				[ 113.08339691162109, -26.693300247192383, 270.52178955078125 ],
				[ 111.93609619140625, -43.231899261474609, 273.59188842773438 ],
				[ 104.90750122070312, -45.319099426269531, 259.72119140625 ],
				[ 110.18229675292969, -43.916099548339844, 256.83718872070312 ],
				[ 117.21089935302734, -41.828899383544922, 270.7078857421875 ]
			],
			"projected_cuboid": [
				[ 1338.5447998046875, 441.34640502929688 ],
				[ 1332.777587890625, 428.3533935546875 ],
				[ 1356.697021484375, 432.34671020507812 ],
				[ 1361.2991943359375, 445.27349853515625 ],
				[ 1352.7701416015625, 388.3048095703125 ],
				[ 1347.766845703125, 372.48831176757812 ],
				[ 1371.83740234375, 375.85150146484375 ],
				[ 1375.66064453125, 391.66409301757812 ]
			]
		},
		{
			"class": "SM_Coffe_Table_2",
			"instance_id": 0,
			"visibility": 0.92500001192092896,
			"location": [ -94.030197143554688, 74.9844970703125, 239.86090087890625 ],
			"quaternion_xyzw": [ 0.18379999697208405, 0.83350002765655518, 0.28839999437332153, 0.43389999866485596 ],
			"pose_transform": [
				[ 0.82940000295639038, 0.321399986743927, -0.45699998736381531, 0 ],
				[ -0.555899977684021, 0.55669999122619629, -0.61729997396469116, 0 ],
				[ -0.056000001728534698, -0.76609998941421509, -0.64029997587203979, 0 ],
				[ -94.030197143554688, 74.9844970703125, 239.86090087890625, 1 ]
			],
			"cuboid_centroid": [ -94.030197143554688, 74.9844970703125, 239.86090087890625 ],
			"projected_cuboid_centroid": [ 583.661376953125, 840.11199951171875 ],
			"bounding_box":
			{
				"top_left": [ 693.32159423828125, 418.99481201171875 ],
				"bottom_right": [ 992.07037353515625, 717.4132080078125 ]
			},
			"cuboid": [
				[ -87.245399475097656, 85.330101013183594, 196.41929626464844 ],
				[ -55.219501495361328, 53.260898590087891, 231.98330688476562 ],
				[ -53.033298492431641, 83.154502868652344, 256.97048950195312 ],
				[ -85.059097290039062, 115.22370147705078, 221.406494140625 ],
				[ -135.027099609375, 66.814498901367188, 222.75120544433594 ],
				[ -103.00119781494141, 34.74530029296875, 258.3153076171875 ],
				[ -100.81500244140625, 64.638999938964844, 283.302490234375 ],
				[ -132.84080505371094, 96.708198547363281, 247.7384033203125 ]
			],
			"projected_cuboid": [
				[ 533.58819580078125, 957.0513916015625 ],
				[ 731.48931884765625, 760.40582275390625 ],
				[ 761.876708984375, 850.65179443359375 ],
				[ 591.19110107421875, 1039.600341796875 ],
				[ 378.06851196289062, 827.95330810546875 ],
				[ 577.20770263671875, 669.127197265625 ],
				[ 618.3782958984375, 759.03582763671875 ],
				[ 445.23480224609375, 914.7493896484375 ]
			]
		},
		{
			"class": "SM_Armchair",
			"instance_id": 0,
			"visibility": 0.55129998922348022,
			"location": [ -106.16790008544922, 46.785598754882812, 273.15359497070312 ],
			"quaternion_xyzw": [ 0.18379999697208405, 0.83350002765655518, 0.28839999437332153, 0.43389999866485596 ],
			"pose_transform": [
				[ 0.82940000295639038, 0.321399986743927, -0.45699998736381531, 0 ],
				[ -0.555899977684021, 0.55669999122619629, -0.61729997396469116, 0 ],
				[ -0.056000001728534698, -0.76609998941421509, -0.64029997587203979, 0 ],
				[ -106.16790008544922, 46.785598754882812, 273.15359497070312, 1 ]
			],
			"cuboid_centroid": [ -106.16790008544922, 46.785598754882812, 273.15359497070312 ],
			"projected_cuboid_centroid": [ 586.87261962890625, 704.42822265625 ],
			"bounding_box":
			{
				"top_left": [ 494.30239868164062, 360.95999145507812 ],
				"bottom_right": [ 952.8740234375, 799.0518798828125 ]
			},
			"cuboid": [
				[ -101.57620239257812, 52.477298736572266, 202.89239501953125 ],
				[ -52.667400360107422, 3.5023999214172363, 257.20458984375 ],
				[ -48.143600463867188, 65.357902526855469, 308.90780639648438 ],
				[ -97.052398681640625, 114.33280181884766, 254.595703125 ],
				[ -164.19230651855469, 28.213300704956055, 237.39939880371094 ],
				[ -115.28350067138672, -20.761600494384766, 291.71160888671875 ],
				[ -110.75969696044922, 41.093898773193359, 343.414794921875 ],
				[ -159.66850280761719, 90.068901062011719, 289.10260009765625 ]
			],
			"projected_cuboid": [
				[ 479.385498046875, 788.29998779296875 ],
				[ 763.422607421875, 553.0723876953125 ],
				[ 810.38330078125, 743.11431884765625 ],
				[ 594.0465087890625, 971.11297607421875 ],
				[ 296.03680419921875, 654.08941650390625 ],
				[ 580.61138916015625, 471.67510986328125 ],
				[ 650.376708984375, 654.8760986328125 ],
				[ 429.80209350585938, 839.084228515625 ]
			]
		}
	]
}